[[ 0.          0.          0.         ...  0.          0.
   0.        ]
 [ 0.         -0.02939747 -0.00637088 ...  0.03706617  0.00415003
   0.0197434 ]
 [ 0.          0.01944744  0.01153226 ...  0.03053742  0.05158861
   0.04898414]
 ...
 [ 0.          0.01821116  0.02748201 ...  0.06866402  0.07973225
   0.07738781]
 [ 0.          0.04635103  0.0585781  ...  0.0892021   0.08935498
   0.07090551]
 [ 0.          0.0037851   0.04453546 ...  0.07452672  0.07425662
   0.09179988]]
[[ 0.          0.          0.         ...  0.          0.
   0.        ]
 [ 0.         -0.01274409 -0.0024086  ...  0.0229896   0.00565276
   0.03170259]
 [ 0.         -0.01000911  0.01498963 ...  0.04766728  0.03380207
   0.03941058]
 ...
 [ 0.          0.02867888  0.02818315 ...  0.08675927  0.1028282
   0.08295784]
 [ 0.          0.01513026  0.057246   ...  0.08287491  0.08852361
   0.10821158]
 [ 0.          0.01678773  0.04335243 ...  0.10380999  0.08639549
   0.10050872]]
[[ 0.          0.          0.         ...  0.          0.
   0.        ]
 [ 0.          0.01354895  0.00382214 ...  0.00622057  0.0236263
   0.03115067]
 [ 0.         -0.02969879 -0.00082899 ...  0.05525845  0.02190429
   0.03229903]
 ...
 [ 0.          0.03049382  0.04078455 ...  0.10344753  0.11249397
   0.09708043]
 [ 0.         -0.00554262  0.03758027 ...  0.08434977  0.09424617
   0.1323565 ]
 [ 0.          0.03182024  0.04295627 ...  0.1206907   0.10694832
   0.10761497]]
[[ 0.          0.          0.         ...  0.          0.
   0.        ]
 [ 0.          0.01982388  0.00636069 ...  0.00241321  0.03279242
   0.02121708]
 [ 0.         -0.01907739 -0.0213371  ...  0.04322972  0.02851327
   0.03018274]
 ...
 [ 0.          0.02026552  0.05002154 ...  0.11323518  0.11270072
   0.11835374]
 [ 0.          0.0043007   0.01729523 ...  0.10448875  0.1147597
   0.13196944]
 [ 0.          0.03234098  0.0411784  ...  0.12099094  0.12792787
   0.12073994]]
[[ 0.00000000e+00  0.00000000e+00  0.00000000e+00 ...  0.00000000e+00
   0.00000000e+00  0.00000000e+00]
 [ 0.00000000e+00  3.09575312e-03  1.25296784e-05 ...  1.31157483e-02
   2.22020106e-02  1.11144701e-02]
 [ 0.00000000e+00  8.38823959e-03 -2.52082374e-02 ...  2.13874547e-02
   4.42443927e-02  3.22944519e-02]
 ...
 [ 0.00000000e+00  7.17883583e-03  4.34808992e-02 ...  1.16697544e-01
   1.14629009e-01  1.37225677e-01]
 [ 0.00000000e+00  2.73187558e-02  1.73830798e-02 ...  1.33072774e-01
   1.39785229e-01  1.21068648e-01]
 [ 0.00000000e+00  1.99757596e-02  3.48997669e-02 ...  1.16386499e-01
   1.42084163e-01  1.38469272e-01]]
[[ 0.          0.          0.         ...  0.          0.
   0.        ]
 [ 0.         -0.01462793 -0.01164369 ...  0.02476152  0.00652825
   0.00630012]
 [ 0.          0.02178505 -0.00790651 ...  0.00935692  0.04675842
   0.03554562]
 ...
 [ 0.          0.00345918  0.02440702 ...  0.11994587  0.12515989
   0.14512396]
 [ 0.          0.03415247  0.03676247 ...  0.15039986  0.15273918
   0.12323641]
 [ 0.          0.00818335  0.02594596 ...  0.12191876  0.14833758
   0.15275217]]
[[ 0.          0.          0.         ...  0.          0.
   0.        ]
 [ 0.         -0.01518834 -0.01662272 ...  0.02378536  0.00378125
   0.00727915]
 [ 0.          0.00786425  0.01191697 ...  0.01615139  0.02786182
   0.03479441]
 ...
 [ 0.          0.01086165  0.00915311 ...  0.12776119  0.14065607
   0.14267654]
 [ 0.          0.01893497  0.05043531 ...  0.14776612  0.14973738
   0.14563069]
 [ 0.          0.00527804  0.02120467 ...  0.14039235  0.15019034
   0.15855248]]
[[ 0.          0.          0.         ...  0.          0.
   0.        ]
 [ 0.         -0.00275003 -0.00716728 ...  0.01099855  0.01198459
   0.01244273]
 [ 0.         -0.0160411   0.01216508 ...  0.03056204  0.00528436
   0.02590506]
 ...
 [ 0.          0.01896599  0.01072292 ...  0.13786872  0.15151759
   0.13886083]
 [ 0.          0.00142625  0.0373769  ...  0.13532948  0.14305901
   0.17154355]
 [ 0.          0.00844911  0.02422466 ...  0.15969415  0.1515709
   0.15903181]]
[[ 0.          0.          0.         ...  0.          0.
   0.        ]
 [ 0.          0.00663622  0.00873758 ... -0.00079204  0.01538475
   0.01774668]
 [ 0.         -0.02391744 -0.00784084 ...  0.03339203  0.00201404
   0.01162152]
 ...
 [ 0.          0.01752378  0.02437856 ...  0.14293984  0.15194389
   0.14184625]
 [ 0.         -0.00131072  0.00704309 ...  0.13040016  0.14581201
   0.17903666]
 [ 0.          0.01169607  0.02864302 ...  0.16519119  0.15471952
   0.16077385]]
[[ 0.          0.          0.         ...  0.          0.
   0.        ]
 [ 0.          0.00559128  0.01340894 ... -0.00203034  0.00814233
   0.01649218]
 [ 0.         -0.0098947  -0.02592678 ...  0.01865908  0.0175673
   0.00224687]
 ...
 [ 0.          0.00774334  0.03165696 ...  0.13850728  0.14470099
   0.15071117]
 [ 0.          0.00632877 -0.0094625  ...  0.13938849  0.15677806
   0.1643603 ]
 [ 0.          0.01300406  0.02427041 ...  0.1541586   0.15977277
   0.16556801]]
[[ 0.00000000e+00  0.00000000e+00  0.00000000e+00 ...  0.00000000e+00
   0.00000000e+00  0.00000000e+00]
 [ 0.00000000e+00 -1.66377985e-04 -3.68114146e-04 ...  4.23789246e-03
   7.64867348e-04  5.46585220e-03]
 [ 0.00000000e+00  8.61648753e-03 -2.17921406e-02 ... -3.14545913e-04
   2.83074597e-02  5.73574464e-03]
 ...
 [ 0.00000000e+00 -8.35678953e-04  2.06439139e-02 ...  1.28067586e-01
   1.36869327e-01  1.56367028e-01]
 [ 0.00000000e+00  1.04607139e-02  3.87707666e-03 ...  1.51896319e-01
   1.63021685e-01  1.44678021e-01]
 [ 0.00000000e+00  1.22087951e-02  1.04678548e-02 ...  1.37882386e-01
   1.64122603e-01  1.68611431e-01]]
[[ 0.00000000e+00  0.00000000e+00  0.00000000e+00 ...  0.00000000e+00
   0.00000000e+00  0.00000000e+00]
 [ 0.00000000e+00 -3.69556754e-03 -1.85285947e-02 ...  8.66310854e-03
   2.12534150e-03 -8.03471536e-03]
 [ 0.00000000e+00  1.30110574e-02 -8.15360970e-05 ... -6.83363840e-03
   1.73979210e-02  1.65129318e-02]
 ...
 [ 0.00000000e+00 -2.22511849e-03  2.81634585e-04 ...  1.19271409e-01
   1.32234890e-01  1.50615102e-01]
 [ 0.00000000e+00  7.94449459e-03  2.77778218e-02 ...  1.52020422e-01
   1.55635193e-01  1.38487261e-01]
 [ 0.00000000e+00  7.48908081e-03 -7.75642898e-04 ...  1.29929206e-01
   1.62759361e-01  1.64549296e-01]]
[[ 0.          0.          0.         ...  0.          0.
   0.        ]
 [ 0.         -0.00490857 -0.02000215 ...  0.00700039  0.00586705
  -0.01084968]
 [ 0.          0.00239966  0.01498769 ...  0.00069536 -0.00437958
   0.01887986]
 ...
 [ 0.          0.00118193 -0.009327   ...  0.11510047  0.1284664
   0.13407353]
 [ 0.          0.00574423  0.03069745 ...  0.13451089  0.13898899
   0.14613095]
 [ 0.         -0.00105523  0.00140367 ...  0.13262499  0.15185502
   0.15352417]]
[[ 0.          0.          0.         ...  0.          0.
   0.        ]
 [ 0.         -0.00561363 -0.00162844 ...  0.00203165  0.00168449
   0.00065935]
 [ 0.         -0.01006599  0.00737951 ...  0.00937097 -0.01383948
   0.00492971]
 ...
 [ 0.          0.00461485 -0.00039136 ...  0.11015156  0.12073063
   0.11515699]
 [ 0.          0.00550577  0.00740482 ...  0.10932176  0.12359461
   0.1508231 ]
 [ 0.         -0.00702115  0.01235305 ...  0.13497571  0.13334395
   0.14023345]]
[[ 0.          0.          0.         ...  0.          0.
   0.        ]
 [ 0.         -0.00362866  0.01643724 ... -0.00288489 -0.00696968
   0.01332741]
 [ 0.         -0.01362291 -0.01304503 ...  0.00822746 -0.00522593
  -0.01400845]
 ...
 [ 0.          0.00644413  0.01377932 ...  0.09671155  0.10652354
   0.10150398]
 [ 0.          0.00101117 -0.01566141 ...  0.09061386  0.11316048
   0.13714419]
 [ 0.         -0.00325649  0.01640479 ...  0.12366129  0.11452586
   0.12786777]]
[[ 0.          0.          0.         ...  0.          0.
   0.        ]
 [ 0.          0.00268855  0.01341571 ... -0.00679746 -0.00735002
   0.01075539]
 [ 0.         -0.00817541 -0.02318125 ... -0.00119638  0.00513355
  -0.0190182 ]
 ...
 [ 0.          0.00607771  0.01543563 ...  0.07382036  0.08687766
   0.09256251]
 [ 0.         -0.00761304 -0.0144003  ...  0.08218832  0.10176773
   0.10624019]
 [ 0.          0.00730452  0.00609409 ...  0.09603603  0.10098576
   0.11448572]]
[[ 0.          0.          0.         ...  0.          0.
   0.        ]
 [ 0.          0.00762729 -0.00749042 ... -0.00802407  0.00189252
  -0.00647523]
 [ 0.          0.00037449 -0.01371284 ... -0.01051519  0.00272096
  -0.00631397]
 ...
 [ 0.          0.00158376  0.00297409 ...  0.04866327  0.0644126
   0.08044828]
 [ 0.         -0.00887873  0.00425338 ...  0.0743883   0.08268023
   0.07286004]
 [ 0.          0.0120074  -0.00841961 ...  0.06247945  0.08977871
   0.0956673 ]]
[[ 0.          0.          0.         ...  0.          0.
   0.        ]
 [ 0.          0.00315975 -0.02271916 ... -0.0040432   0.00629796
  -0.01995479]
 [ 0.          0.00632356  0.00173384 ... -0.01476206 -0.00791209
   0.00719451]
 ...
 [ 0.         -0.00601213 -0.00985156 ...  0.02858726  0.04139573
   0.05793157]
 [ 0.          0.00319545  0.01447868 ...  0.05499924  0.05627241
   0.04953381]
 [ 0.          0.00338015 -0.01238956 ...  0.03612847  0.07144437
   0.06967491]]
[[ 0.          0.          0.         ...  0.          0.
   0.        ]
 [ 0.         -0.00856643 -0.01628586 ...  0.00266991 -0.00357208
  -0.01509514]
 [ 0.          0.00515136  0.00435748 ... -0.01419514 -0.01433492
   0.00348748]
 ...
 [ 0.         -0.00946476 -0.01219767 ...  0.01318821  0.01900355
   0.02572899]
 [ 0.          0.01503585  0.00478309 ...  0.02215766  0.02793547
   0.03502695]
 [ 0.         -0.01008074 -0.00508376 ...  0.02031805  0.0400457
   0.03908962]]
[[ 0.          0.          0.         ...  0.          0.
   0.        ]
 [ 0.         -0.01450982  0.00195862 ...  0.00353549 -0.01656008
   0.00106472]
 [ 0.         -0.00509872 -0.0086264  ... -0.01079321 -0.01524917
  -0.01579603]
 ...
 [ 0.         -0.00300931 -0.00693147 ... -0.00437999 -0.00304026
  -0.00784182]
 [ 0.          0.0081498  -0.01221215 ... -0.01404024  0.00072152
   0.01743839]
 [ 0.         -0.01349306  0.00012656 ...  0.00600752  0.00044854
   0.00772768]]
[[ 0.          0.          0.         ...  0.          0.
   0.        ]
 [ 0.         -0.00672841  0.00936219 ... -0.00612908 -0.01565024
   0.008337  ]
 [ 0.         -0.01898273 -0.02406216 ... -0.00821609 -0.01874097
  -0.0327794 ]
 ...
 [ 0.          0.00701088 -0.00331469 ... -0.02889313 -0.02637151
  -0.03451127]
 [ 0.         -0.01406468 -0.02110257 ... -0.04205326 -0.02701234
  -0.01307711]
 [ 0.         -0.00471649 -0.00682016 ... -0.01855839 -0.03587084
  -0.02302637]]
[[ 0.          0.          0.         ...  0.          0.
   0.        ]
 [ 0.          0.00537627 -0.00260723 ... -0.01841676 -0.00322342
  -0.00275087]
 [ 0.         -0.02433024 -0.03013367 ... -0.01258381 -0.02632869
  -0.03526812]
 ...
 [ 0.          0.00640589 -0.00597109 ... -0.05748027 -0.0524229
  -0.0537068 ]
 [ 0.         -0.02691653 -0.02202422 ... -0.05997853 -0.05707704
  -0.05492228]
 [ 0.          0.00237624 -0.02135165 ... -0.05567326 -0.06243637
  -0.05450422]]
[[ 0.          0.          0.         ...  0.          0.
   0.        ]
 [ 0.          0.00537031 -0.02053639 ... -0.02060281  0.00055274
  -0.02139848]
 [ 0.         -0.01454923 -0.02744761 ... -0.02667505 -0.03082859
  -0.02937407]
 ...
 [ 0.         -0.00884651 -0.01415776 ... -0.0828318  -0.08022309
  -0.07268276]
 [ 0.         -0.01616237 -0.02330149 ... -0.07604692 -0.08750472
  -0.09689775]
 [ 0.         -0.00438026 -0.03231996 ... -0.0954374  -0.08398825
  -0.08806962]]
[[ 0.          0.          0.         ...  0.          0.
   0.        ]
 [ 0.         -0.00877736 -0.02708512 ... -0.01206261 -0.01443131
  -0.03120256]
 [ 0.          0.00019727 -0.02345717 ... -0.04310856 -0.03120031
  -0.02958487]
 ...
 [ 0.         -0.02474377 -0.02601873 ... -0.10067911 -0.10631793
  -0.09872907]
 [ 0.          0.00162209 -0.02658495 ... -0.09892707 -0.11471669
  -0.12826419]
 [ 0.         -0.01997214 -0.03603956 ... -0.12497781 -0.11030188
  -0.12282172]]
[[ 0.00000000e+00  0.00000000e+00  0.00000000e+00 ...  0.00000000e+00
   0.00000000e+00  0.00000000e+00]
 [ 0.00000000e+00 -2.08696419e-02 -1.99421308e-02 ... -6.99945026e-03
  -3.36004217e-02 -2.86087647e-02]
 [ 0.00000000e+00  1.19244985e-03 -2.25409764e-02 ... -4.98490229e-02
  -3.78692036e-02 -4.17886809e-02]
 ...
 [ 0.00000000e+00 -2.53073015e-02 -3.78672033e-02 ... -1.13209931e-01
  -1.27667159e-01 -1.31049522e-01]
 [ 0.00000000e+00 -4.07546402e-05 -2.89681458e-02 ... -1.28326785e-01
  -1.38164730e-01 -1.47499352e-01]
 [ 0.00000000e+00 -2.91892903e-02 -3.75978613e-02 ... -1.40379871e-01
  -1.44518153e-01 -1.55804470e-01]]
[[ 0.          0.          0.         ...  0.          0.
   0.        ]
 [ 0.         -0.0167797  -0.01007147 ... -0.01686309 -0.03753846
  -0.02340567]
 [ 0.         -0.01625337 -0.02476232 ... -0.04546627 -0.05654218
  -0.05956869]
 ...
 [ 0.         -0.0131769  -0.0429985  ... -0.12579893 -0.14444679
  -0.16068327]
 [ 0.         -0.02252903 -0.03374329 ... -0.1552762  -0.16045091
  -0.16236468]
 [ 0.         -0.02592412 -0.04123465 ... -0.14955905 -0.17893308
  -0.18388936]]
[[ 0.          0.          0.         ...  0.          0.
   0.        ]
 [ 0.         -0.00249127 -0.00663456 ... -0.03503494 -0.02814078
  -0.02492511]
 [ 0.         -0.03395337 -0.02936401 ... -0.04343488 -0.0750902
  -0.07353484]
 ...
 [ 0.         -0.00672864 -0.03868485 ... -0.14148108 -0.15933891
  -0.17893053]
 [ 0.         -0.04069935 -0.0465687  ... -0.17126159 -0.18254136
  -0.18171239]
 [ 0.         -0.01915679 -0.04567119 ... -0.16344132 -0.20262302
  -0.20535402]]
[[ 0.          0.          0.         ...  0.          0.
   0.        ]
 [ 0.          0.00414145 -0.00946652 ... -0.04480414 -0.02436488
  -0.03316962]
 [ 0.         -0.03062171 -0.03373193 ... -0.055829   -0.07715631
  -0.07920877]
 ...
 [ 0.         -0.01667603 -0.03366658 ... -0.15850614 -0.17410909
  -0.18583217]
 [ 0.         -0.03628385 -0.06138183 ... -0.17657581 -0.20082443
  -0.20648228]
 [ 0.         -0.01961449 -0.04910826 ... -0.18454424 -0.21217987
  -0.22022551]]
[[ 0.          0.          0.         ...  0.          0.
   0.        ]
 [ 0.         -0.00338934 -0.01400061 ... -0.04015275 -0.03500662
  -0.04243033]
 [ 0.         -0.0079225  -0.03128759 ... -0.07604848 -0.0655657
  -0.07710121]
 ...
 [ 0.         -0.03312849 -0.04073963 ... -0.17224393 -0.18756584
  -0.1898468 ]
 [ 0.         -0.02000259 -0.06284052 ... -0.17937886 -0.21061983
  -0.22811099]
 [ 0.         -0.02670936 -0.05286176 ... -0.20452511 -0.21400037
  -0.22964979]]
[[ 0.          0.          0.         ...  0.          0.
   0.        ]
 [ 0.         -0.01301157 -0.0165199  ... -0.03160372 -0.04767894
  -0.04789524]
 [ 0.          0.01063538 -0.01749146 ... -0.08492118 -0.06031321
  -0.07079742]
 ...
 [ 0.         -0.03935278 -0.05918844 ... -0.17906997 -0.19704905
  -0.19887127]
 [ 0.         -0.01438833 -0.04816283 ... -0.18670585 -0.21205942
  -0.23618557]
 [ 0.         -0.03198829 -0.05719645 ... -0.21289577 -0.21651927
  -0.23477701]]
[[ 0.          0.          0.         ...  0.          0.
   0.        ]
 [ 0.         -0.01109336 -0.01349107 ... -0.03068463 -0.04762536
  -0.04705781]
 [ 0.          0.0077917   0.00109976 ... -0.07393334 -0.07111013
  -0.06630836]
 ...
 [ 0.         -0.03229875 -0.07155684 ... -0.17908214 -0.20119202
  -0.21184195]
 [ 0.         -0.02426171 -0.03632164 ... -0.19705391 -0.21055452
  -0.22854789]
 [ 0.         -0.0311722  -0.05811118 ... -0.20759581 -0.22158177
  -0.23569194]]
[[ 0.          0.          0.         ...  0.          0.
   0.        ]
 [ 0.          0.00049337 -0.00238023 ... -0.03546528 -0.03715957
  -0.03941045]
 [ 0.         -0.00756819  0.01051041 ... -0.05508272 -0.0827441
  -0.068217  ]
 ...
 [ 0.         -0.02323365 -0.0637104  ... -0.17564145 -0.20058512
  -0.21961569]
 [ 0.         -0.03482153 -0.04546851 ... -0.20230726 -0.210589
  -0.2140214 ]
 [ 0.         -0.02757018 -0.05300763 ... -0.19654625 -0.22391851
  -0.23129331]]
[[ 0.          0.          0.         ...  0.          0.
   0.        ]
 [ 0.          0.00909962  0.01255956 ... -0.03560528 -0.02893917
  -0.0285494 ]
 [ 0.         -0.01300741  0.00617908 ... -0.04434089 -0.07481531
  -0.07277799]
 ...
 [ 0.         -0.02125736 -0.04359054 ... -0.17189253 -0.19606238
  -0.21414862]
 [ 0.         -0.03462791 -0.06669906 ... -0.19646449 -0.21024255
  -0.20435336]
 [ 0.         -0.02524782 -0.04706805 ... -0.1891064  -0.21792351
  -0.220733  ]]
[[ 0.00000000e+00  0.00000000e+00  0.00000000e+00 ...  0.00000000e+00
   0.00000000e+00  0.00000000e+00]
 [ 0.00000000e+00  8.49428860e-03  1.99767097e-02 ... -2.68006911e-02
  -2.65220922e-02 -2.17055817e-02]
 [ 0.00000000e+00  1.20290548e-04  1.19320933e-03 ... -4.14043001e-02
  -4.85462454e-02 -6.81331744e-02]
 ...
 [ 0.00000000e+00 -2.38602751e-02 -3.20685382e-02 ... -1.67013350e-01
  -1.87172100e-01 -1.96384162e-01]
 [ 0.00000000e+00 -2.81074328e-02 -7.26078568e-02 ... -1.81316213e-01
  -2.03354489e-01 -2.02701342e-01]
 [ 0.00000000e+00 -2.44135796e-02 -4.80939395e-02 ... -1.86710656e-01
  -2.03506364e-01 -2.05375411e-01]]
[[ 0.          0.          0.         ...  0.          0.
   0.        ]
 [ 0.          0.00441892  0.01348424 ... -0.01381907 -0.02184605
  -0.0222464 ]
 [ 0.          0.01900264  0.01137615 ... -0.03242888 -0.02358605
  -0.04647459]
 ...
 [ 0.         -0.02410041 -0.03615229 ... -0.15593088 -0.17258151
  -0.17470927]
 [ 0.         -0.02369996 -0.05202693 ... -0.16317119 -0.18678594
  -0.20030184]
 [ 0.         -0.0243195  -0.05471022 ... -0.18194539 -0.18531959
  -0.18888204]]
[[ 0.          0.          0.         ...  0.          0.
   0.        ]
 [ 0.          0.00404635  0.00260965 ... -0.00124481 -0.01023684
  -0.02318258]
 [ 0.          0.02738504  0.03445596 ... -0.01010123 -0.01098959
  -0.01507925]
 ...
 [ 0.         -0.01973444 -0.0399132  ... -0.13359991 -0.15142593
  -0.15569584]
 [ 0.         -0.02070423 -0.02413319 ... -0.14510566 -0.16377498
  -0.18527027]
 [ 0.         -0.02558834 -0.05531508 ... -0.16592935 -0.16754646
  -0.174353  ]]
[[ 0.          0.          0.         ...  0.          0.
   0.        ]
 [ 0.          0.0071261   0.00455591 ...  0.01128927  0.00275497
  -0.01306085]
 [ 0.          0.02338222  0.05176975 ...  0.01692015 -0.00116723
   0.01006523]
 ...
 [ 0.         -0.01173048 -0.02531298 ... -0.1002936  -0.12373145
  -0.13681726]
 [ 0.         -0.01436827 -0.0125683  ... -0.12373607 -0.13932613
  -0.15474195]
 [ 0.         -0.02667075 -0.04154348 ... -0.13591784 -0.15012783
  -0.16085165]]
[[ 0.          0.          0.         ...  0.          0.
   0.        ]
 [ 0.          0.01006429  0.02313952 ...  0.02314456  0.01225711
   0.01006157]
 [ 0.          0.01709754  0.05183437 ...  0.03562833  0.01859052
   0.02287264]
 ...
 [ 0.          0.00039764  0.00475992 ... -0.06256229 -0.08979457
  -0.10876638]
 [ 0.         -0.00640642 -0.01524308 ... -0.09350696 -0.11363547
  -0.11740593]
 [ 0.         -0.02172804 -0.01858213 ... -0.0963256  -0.12913722
  -0.14314191]]
[[ 0.          0.          0.         ...  0.          0.
   0.        ]
 [ 0.          0.01299745  0.04206573 ...  0.02879856  0.0224513
   0.03442025]
 [ 0.          0.0170747   0.04460543 ...  0.04247977  0.04504665
   0.03444403]
 ...
 [ 0.          0.01553985  0.03043325 ... -0.02828763 -0.05005627
  -0.06514455]
 [ 0.         -0.00118152 -0.00988237 ... -0.05301654 -0.08177051
  -0.0834014 ]
 [ 0.         -0.00673643  0.00225891 ... -0.05375986 -0.09956945
  -0.11549701]]
[[ 0.          0.          0.         ...  0.          0.
   0.        ]
 [ 0.          0.01771827  0.04367234 ...  0.02477758  0.03726056
   0.04718757]
 [ 0.          0.02421984  0.04722768 ...  0.04152617  0.06483921
   0.05807009]
 ...
 [ 0.          0.02621387  0.03798294 ... -0.00024847 -0.0062076
  -0.00979087]
 [ 0.          0.00495516  0.01519795 ... -0.00678751 -0.03964596
  -0.05244884]
 [ 0.          0.01357684  0.01859336 ... -0.01171119 -0.05808144
  -0.07584632]]
[[ 0.          0.          0.         ...  0.          0.
   0.        ]
 [ 0.          0.02169386  0.03008236 ...  0.01633328  0.04901035
   0.04839688]
 [ 0.          0.03491788  0.06069943 ...  0.03481205  0.07240759
   0.09007372]
 ...
 [ 0.          0.02433526  0.03152071 ...  0.02554562  0.03794387
   0.04552243]
 [ 0.          0.01988385  0.04761686 ...  0.03822334  0.01124321
  -0.01348043]
 [ 0.          0.02959462  0.03857246 ...  0.03059215 -0.00483321
  -0.02590503]]
[[0.         0.         0.         ... 0.         0.         0.        ]
 [0.         0.02022566 0.01913585 ... 0.0111762  0.04603423 0.04807955]
 [0.         0.04309994 0.06816367 ... 0.02240078 0.07203957 0.11076237]
 ...
 [0.         0.01254716 0.02252    ... 0.0551887  0.07782957 0.09056733]
 [0.         0.04031537 0.06856418 ... 0.07724341 0.06535256 0.04331345]
 [0.         0.03803051 0.06690462 ... 0.07504949 0.05602251 0.03241036]]
[[0.         0.         0.         ... 0.         0.         0.        ]
 [0.         0.01409074 0.02060625 ... 0.0086548  0.02984771 0.0509017 ]
 [0.         0.04020395 0.05508898 ... 0.00997799 0.06510335 0.10417332]
 ...
 [0.         0.00335644 0.01627041 ... 0.09082442 0.11130321 0.12391904]
 [0.         0.05021698 0.07270805 ... 0.1099054  0.11771159 0.11470481]
 [0.         0.04474852 0.09469337 ... 0.12049694 0.11806444 0.09935456]]
[[0.         0.         0.         ... 0.         0.         0.        ]
 [0.         0.00906763 0.0239208  ... 0.00234232 0.01497844 0.04905284]
 [0.         0.02071964 0.02384296 ... 0.00746145 0.04734831 0.07264709]
 ...
 [0.         0.00401857 0.01234911 ... 0.12939741 0.14055784 0.15144787]
 [0.         0.04010486 0.06573886 ... 0.13951552 0.16585349 0.18531385]
 [0.         0.05413272 0.10649505 ... 0.16137408 0.17594882 0.17481379]]
[[ 0.          0.          0.         ...  0.          0.
   0.        ]
 [ 0.          0.006137    0.01223556 ... -0.00621852  0.0098166
   0.03232073]
 [ 0.         -0.0091915  -0.01283733 ...  0.01702214  0.02161216
   0.03160985]
 ...
 [ 0.          0.0077422   0.01173402 ...  0.16683302  0.17023045
   0.17876917]
 [ 0.          0.02086042  0.05175246 ...  0.17029268  0.20847591
   0.2399663 ]
 [ 0.          0.05956737  0.0946107  ...  0.19123973  0.22738192
   0.2531818 ]]
[[ 0.          0.          0.         ...  0.          0.
   0.        ]
 [ 0.         -0.00216962 -0.01659644 ... -0.00475365  0.00676675
   0.00170469]
 [ 0.         -0.03380933 -0.04518629 ...  0.02872245  0.00221752
  -0.00471556]
 ...
 [ 0.          0.00501108  0.01614974 ...  0.20207188  0.20299506
   0.2061751 ]
 [ 0.          0.01052106  0.03272387 ...  0.20399236  0.24459026
   0.27475074]
 [ 0.          0.04919426  0.06344829 ...  0.20909514  0.27150294
   0.32179596]]
[[ 0.          0.          0.         ...  0.          0.
   0.        ]
 [ 0.         -0.02090806 -0.0474289  ...  0.01335989 -0.00325771
  -0.02967707]
 [ 0.         -0.04295919 -0.06836384 ...  0.03235313 -0.00125537
  -0.02947152]
 ...
 [ 0.         -0.00055771  0.02268008 ...  0.23581422  0.23692432
   0.23101256]
 [ 0.          0.01139295  0.01548223 ...  0.23822499  0.27442462
   0.29661246]
 [ 0.          0.0204178   0.0229721  ...  0.22280729  0.3058671
   0.36607556]]
[[ 0.          0.          0.         ...  0.          0.
   0.        ]
 [ 0.         -0.04133546 -0.06276228 ...  0.03524682 -0.0144176
  -0.04698334]
 [ 0.         -0.04167284 -0.07695173 ...  0.0284375   0.00212588
  -0.04010399]
 ...
 [ 0.          0.00411204  0.02594777 ...  0.26563624  0.26728323
   0.25377129]
 [ 0.          0.00970747  0.00731189 ...  0.26834563  0.29924158
   0.31389301]
 [ 0.         -0.01508075 -0.01675324 ...  0.24484849  0.3266578
   0.37793727]]
[[ 0.          0.          0.         ...  0.          0.
   0.        ]
 [ 0.         -0.04653619 -0.05541074 ...  0.03891665 -0.01356254
  -0.04268249]
 [ 0.         -0.03998172 -0.06632198 ...  0.0218322  -0.00332267
  -0.03631021]
 ...
 [ 0.          0.02162924  0.02536089 ...  0.28438098  0.29068254
   0.27984078]
 [ 0.         -0.00259969  0.00396212 ...  0.29145446  0.31886187
   0.32849135]
 [ 0.         -0.04103018 -0.04551915 ...  0.28213784  0.33296199
   0.36096805]]
[[ 0.          0.          0.         ...  0.          0.
   0.        ]
 [ 0.         -0.02904884 -0.02913777 ...  0.01682848 -0.00091707
  -0.01883797]
 [ 0.         -0.03614932 -0.03989207 ...  0.00968103 -0.01732081
  -0.02184079]
 ...
 [ 0.          0.03570457  0.02337794 ...  0.28580994  0.30706629
   0.31362308]
 [ 0.         -0.01616686 -0.00725724 ...  0.30814027  0.33051788
   0.33663884]
 [ 0.         -0.04823668 -0.05481021 ...  0.32835141  0.33003663
   0.32887813]]
[[ 0.          0.          0.         ...  0.          0.
   0.        ]
 [ 0.          0.00116558  0.00538536 ... -0.01671943  0.0078129
   0.01344557]
 [ 0.         -0.01821034 -0.00887661 ... -0.01386559 -0.0240744
  -0.00398428]
 ...
 [ 0.          0.02739438  0.01578676 ...  0.27305212  0.31781628
   0.35046811]
 [ 0.         -0.01851451 -0.02809482 ...  0.3198819   0.33212651
   0.33556198]
 [ 0.         -0.03700994 -0.0443462  ...  0.36620558  0.32652065
   0.29901802]]
[[ 0.          0.          0.         ...  0.          0.
   0.        ]
 [ 0.          0.02700817  0.03326119 ... -0.04112634  0.0018929
   0.03660208]
 [ 0.          0.01591218  0.01698993 ... -0.04118545 -0.01571412
   0.01052134]
 ...
 [ 0.         -0.00389811 -0.00708675 ...  0.26060307  0.32302135
   0.37550697]
 [ 0.         -0.01177525 -0.04227472 ...  0.32574079  0.32655384
   0.32821679]
 [ 0.         -0.01374092 -0.0243356  ...  0.37868474  0.32745172
   0.28516955]]
[[ 0.          0.          0.         ...  0.          0.
   0.        ]
 [ 0.          0.03813593  0.04099475 ... -0.04571276 -0.01097959
   0.0354106 ]
 [ 0.          0.04708693  0.03400625 ... -0.05127761 -0.0038525
   0.01695921]
 ...
 [ 0.         -0.03951994 -0.04307082 ...  0.26530509  0.32178316
   0.37287226]
 [ 0.         -0.00823917 -0.03562248 ...  0.32341055  0.32053499
   0.3215166 ]
 [ 0.          0.01080608 -0.00749744 ...  0.36037884  0.33039603
   0.29265344]]
[[ 0.00000000e+00  0.00000000e+00  0.00000000e+00 ...  0.00000000e+00
   0.00000000e+00  0.00000000e+00]
 [ 0.00000000e+00  3.31481839e-02  2.62376960e-02 ... -3.05043096e-02
  -1.64111558e-02  9.15607088e-03]
 [ 0.00000000e+00  5.04623871e-02  3.88644818e-02 ... -3.31787902e-02
  -2.75548251e-03  1.07491115e-02]
 ...
 [ 0.00000000e+00 -5.83630079e-02 -6.90812520e-02 ...  2.92109486e-01
   3.15078539e-01  3.39018835e-01]
 [ 0.00000000e+00 -1.25480104e-02 -1.68355373e-02 ...  3.13772067e-01
   3.18257734e-01  3.20194130e-01]
 [ 0.00000000e+00  2.33143675e-02  2.70018951e-04 ...  3.20716761e-01
   3.28935131e-01  3.16788760e-01]]
[[ 0.          0.          0.         ...  0.          0.
   0.        ]
 [ 0.          0.01418727  0.00114981 ... -0.00154699 -0.0114575
  -0.02538102]
 [ 0.          0.02107635  0.02592938 ... -0.00243951 -0.0106798
  -0.01006945]
 ...
 [ 0.         -0.05062715 -0.0610433  ...  0.32676773  0.30663701
   0.2889123 ]
 [ 0.         -0.01727988 -0.00764921 ...  0.3023075   0.31721771
   0.32224239]
 [ 0.          0.01526738 -0.00057992 ...  0.27821807  0.3197137
   0.34481202]]
[[ 0.          0.          0.         ...  0.          0.
   0.        ]
 [ 0.         -0.01340437 -0.01791623 ...  0.0271673  -0.0044483
  -0.04626408]
 [ 0.         -0.020067   -0.00323327 ...  0.0139866  -0.01654931
  -0.03716471]
 ...
 [ 0.         -0.02007154 -0.02341636 ...  0.34337064  0.29927079
   0.24846438]
 [ 0.         -0.01548411 -0.01489736 ...  0.29386087  0.31168513
   0.32034437]
 [ 0.         -0.00869509 -0.009474   ...  0.25079458  0.30576895
   0.36091829]]
[[ 0.          0.          0.         ...  0.          0.
   0.        ]
 [ 0.         -0.03708745 -0.02392103 ...  0.03475956 -0.00190232
  -0.04285234]
 [ 0.         -0.04473422 -0.03161081 ...  0.00591226 -0.01817497
  -0.0519639 ]
 ...
 [ 0.          0.01763298  0.01078365 ...  0.32262827  0.2904372
   0.2373206 ]
 [ 0.         -0.00912023 -0.02421923 ...  0.28641383  0.29927866
   0.30845502]
 [ 0.         -0.03237577 -0.02542379 ...  0.24727675  0.29334698
   0.35309375]]
[[ 0.          0.          0.         ...  0.          0.
   0.        ]
 [ 0.         -0.04084689 -0.02012609 ...  0.00992219 -0.00402096
  -0.02076789]
 [ 0.         -0.03930085 -0.03768634 ... -0.01426055 -0.02210292
  -0.04120529]
 ...
 [ 0.          0.03869437  0.01356208 ...  0.26712034  0.27340661
   0.25442973]
 [ 0.         -0.00337662 -0.02317546 ...  0.2724202   0.28225679
   0.28764766]
 [ 0.         -0.04041063 -0.04087644 ...  0.26292396  0.28582707
   0.31917283]]
[[ 0.          0.          0.         ...  0.          0.
   0.        ]
 [ 0.         -0.01861618 -0.01045948 ... -0.03160483 -0.0103558
   0.00558591]
 [ 0.         -0.01079079 -0.01746235 ... -0.03013552 -0.02805688
  -0.01310779]
 ...
 [ 0.          0.02512255 -0.01086927 ...  0.20123231  0.24466666
   0.27783662]
 [ 0.         -0.00047932 -0.01829438 ...  0.24755837  0.26280351
   0.26506939]
 [ 0.         -0.02920078 -0.04350025 ...  0.2807657   0.28002525
   0.26903418]]
[[ 0.          0.          0.         ...  0.          0.
   0.        ]
 [ 0.          0.01691815  0.00434763 ... -0.05550872 -0.01985378
   0.02188438]
 [ 0.          0.02116739  0.00997262 ... -0.03544222 -0.02675024
   0.00767638]
 ...
 [ 0.         -0.01620829 -0.03617887 ...  0.15524265  0.21003202
   0.2798522 ]
 [ 0.         -0.00269585 -0.02186164 ...  0.21689125  0.23987664
   0.24610766]
 [ 0.         -0.00708524 -0.0293388  ...  0.27987859  0.26735534
   0.2206521 ]]
[[ 0.          0.          0.         ...  0.          0.
   0.        ]
 [ 0.          0.04191308  0.0198036  ... -0.04097337 -0.02459163
   0.01872522]
 [ 0.          0.03626302  0.02228181 ... -0.03039334 -0.01595068
   0.00406898]
 ...
 [ 0.         -0.05278061 -0.04361707 ...  0.14504826  0.18161631
   0.24668542]
 [ 0.         -0.01350532 -0.03126836 ...  0.19053341  0.2121697
   0.22766042]
 [ 0.          0.01233557 -0.01081206 ...  0.24785031  0.23927076
   0.19030972]]
[[ 0.          0.          0.         ...  0.          0.
   0.        ]
 [ 0.          0.03901158  0.02441791 ... -0.00119634 -0.01428755
  -0.00360852]
 [ 0.          0.02496828  0.01541064 ... -0.01680345 -0.00724996
  -0.01729574]
 ...
 [ 0.         -0.05398011 -0.03452596 ...  0.16173066  0.16703148
   0.18765429]
 [ 0.         -0.02873782 -0.03318294 ...  0.17311714  0.18206328
   0.20075908]
 [ 0.          0.01642535 -0.00575838 ...  0.18971538  0.19431554
   0.18154528]]
[[ 0.          0.          0.         ...  0.          0.
   0.        ]
 [ 0.          0.00944505  0.01068671 ...  0.0305152   0.00729037
  -0.03113169]
 [ 0.         -0.00372089  0.00219101 ... -0.00244118 -0.01038015
  -0.03536545]
 ...
 [ 0.         -0.02081987 -0.01974681 ...  0.17776134  0.16096272
   0.12720153]
 [ 0.         -0.03291692 -0.02434092 ...  0.15860288  0.15369939
   0.16110414]
 [ 0.         -0.00042793 -0.01856424 ...  0.12591018  0.14195465
   0.18077684]]
[[ 0.00000000e+00  0.00000000e+00  0.00000000e+00 ...  0.00000000e+00
   0.00000000e+00  0.00000000e+00]
 [ 0.00000000e+00 -2.78250751e-02 -1.24549617e-02 ...  3.11385595e-02
   1.88287659e-02 -4.23248625e-02]
 [ 0.00000000e+00 -2.67666748e-02 -5.61835548e-03 ...  2.21835103e-05
  -1.94143091e-02 -3.63738101e-02]
 ...
 [ 0.00000000e+00  1.60745317e-02 -8.46328964e-03 ...  1.65611409e-01
   1.47767189e-01  8.66513899e-02]
 [ 0.00000000e+00 -1.55762808e-02 -1.59278242e-02 ...  1.35790622e-01
   1.27292207e-01  1.16040538e-01]
 [ 0.00000000e+00 -2.98305530e-02 -3.61045996e-02 ...  7.93209512e-02
   9.82243751e-02  1.65384687e-01]]
[[ 0.          0.          0.         ...  0.          0.
   0.        ]
 [ 0.         -0.04707554 -0.02507602 ...  0.00329654  0.00388824
  -0.02616065]
 [ 0.         -0.02589057 -0.00713811 ... -0.01219712 -0.02267674
  -0.02371878]
 ...
 [ 0.          0.02743048 -0.0068956  ...  0.11661447  0.11369151
   0.07010158]
 [ 0.          0.00991968 -0.01655917 ...  0.09858597  0.0980485
   0.07877861]
 [ 0.         -0.04978049 -0.04242455 ...  0.06010354  0.07382528
   0.12086641]]
[[ 0.          0.          0.         ...  0.          0.
   0.        ]
 [ 0.         -0.03199211 -0.01635043 ... -0.0314532  -0.02632574
   0.00466642]
 [ 0.         -0.00464055 -0.00609057 ... -0.02446355 -0.01960089
  -0.01025458]
 ...
 [ 0.          0.00970031 -0.01608782 ...  0.04701497  0.05888217
   0.06406169]
 [ 0.          0.01576867 -0.02170433 ...  0.05151472  0.06197663
   0.05468684]
 [ 0.         -0.04052127 -0.03354825 ...  0.05891609  0.06381184
   0.05406591]]
[[ 0.          0.          0.         ...  0.          0.
   0.        ]
 [ 0.          0.00983568  0.00437794 ... -0.04779661 -0.0418109
   0.02284859]
 [ 0.          0.01585987 -0.00315015 ... -0.02197314 -0.01773539
  -0.00597601]
 ...
 [ 0.         -0.01888743 -0.0266137  ... -0.01410823 -0.00064937
   0.04896265]
 [ 0.         -0.00728234 -0.02345012 ...  0.00656049  0.02115203
   0.03460601]
 [ 0.         -0.005316   -0.01746591 ...  0.0533633   0.04967918
  -0.01014288]]
[[ 0.          0.          0.         ...  0.          0.
   0.        ]
 [ 0.          0.04688725  0.01837212 ... -0.03186969 -0.02615601
   0.01194759]
 [ 0.          0.01908145  0.00216313 ... -0.01022615 -0.01766047
  -0.0118727 ]
 ...
 [ 0.         -0.03693371 -0.02462115 ... -0.0467974  -0.04383107
   0.01295329]
 [ 0.         -0.03496439 -0.02119168 ... -0.02585381 -0.01827553
   0.00356361]
 [ 0.          0.02768921 -0.00453484 ...  0.02371714  0.01438024
  -0.04820894]]
[[ 0.          0.          0.         ...  0.          0.
   0.        ]
 [ 0.          0.04641496  0.01618336 ...  0.00633296  0.00625924
  -0.01742128]
 [ 0.          0.007948    0.00730298 ... -0.00667577 -0.01317727
  -0.0204515 ]
 ...
 [ 0.         -0.03221696 -0.00936995 ... -0.0545884  -0.06134852
  -0.04091848]
 [ 0.         -0.0352911  -0.01697708 ... -0.04560524 -0.05236281
  -0.04353428]
 [ 0.          0.03005271 -0.00060313 ... -0.03239597 -0.0423957
  -0.05768456]]
[[ 0.          0.          0.         ...  0.          0.
   0.        ]
 [ 0.          0.00556055  0.00364438 ...  0.0353283   0.02634886
  -0.03727225]
 [ 0.         -0.00311437  0.0090929  ... -0.01393861 -0.00557532
  -0.02154619]
 ...
 [ 0.         -0.00633157  0.0026612  ... -0.0592959  -0.06517318
  -0.09748052]
 [ 0.         -0.00511204 -0.00885947 ... -0.06442215 -0.08230822
  -0.09572293]
 [ 0.          0.00090312 -0.00537596 ... -0.09728276 -0.10298571
  -0.0598004 ]]
[[ 0.          0.          0.         ...  0.          0.
   0.        ]
 [ 0.         -0.04072191 -0.00712115 ...  0.02821669  0.0182098
  -0.02796838]
 [ 0.         -0.00579192  0.00774962 ... -0.01559193 -0.00451482
  -0.01191787]
 ...
 [ 0.          0.02348253 -0.00114066 ... -0.08149526 -0.08030361
  -0.1398919 ]
 [ 0.          0.02660707  0.00261668 ... -0.09651502 -0.1120214
  -0.13601667]
 [ 0.         -0.03154581 -0.01272251 ... -0.14621205 -0.14618428
  -0.0816932 ]]
[[ 0.          0.          0.         ...  0.          0.
   0.        ]
 [ 0.         -0.04951072 -0.00859029 ... -0.00805977 -0.00920569
   0.00388477]
 [ 0.         -0.00318238  0.00485521 ... -0.00219583 -0.01125163
  -0.00030268]
 ...
 [ 0.          0.03267251 -0.01084693 ... -0.12441567 -0.12268141
  -0.16135892]
 [ 0.          0.03035747  0.00789485 ... -0.14406101 -0.14446807
  -0.15769952]
 [ 0.         -0.03686424 -0.01420798 ... -0.16733336 -0.1647263
  -0.13328963]]
[[ 0.00000000e+00  0.00000000e+00  0.00000000e+00 ...  0.00000000e+00
   0.00000000e+00  0.00000000e+00]
 [ 0.00000000e+00 -1.17319812e-02 -1.65348460e-03 ... -3.63829223e-02
  -3.12721441e-02  3.04472415e-02]
 [ 0.00000000e+00 -8.18478241e-04 -2.95440543e-05 ...  1.23613318e-02
  -1.32794303e-02  1.20234614e-03]
 ...
 [ 0.00000000e+00  1.15262920e-02 -7.13453464e-03 ... -1.74043705e-01
  -1.82713117e-01 -1.70040962e-01]
 [ 0.00000000e+00  4.67617466e-03 -3.68400388e-04 ... -1.92020606e-01
  -1.79738735e-01 -1.70886898e-01]
 [ 0.00000000e+00 -1.04971160e-02 -6.86883792e-03 ... -1.71551026e-01
  -1.70996362e-01 -1.98847709e-01]]
[[ 0.          0.          0.         ...  0.          0.
   0.        ]
 [ 0.          0.03716075  0.00651498 ... -0.02822476 -0.02687024
   0.02665684]
 [ 0.          0.00072362 -0.0061628  ...  0.01003133 -0.00301036
  -0.00756991]
 ...
 [ 0.         -0.0200867   0.01037242 ... -0.21249622 -0.23222577
  -0.18267421]
 [ 0.         -0.0255161  -0.01241254 ... -0.22107439 -0.21442491
  -0.19306595]
 [ 0.          0.02319468  0.0027268  ... -0.18230529 -0.18655352
  -0.25045275]]
[[ 0.          0.          0.         ...  0.          0.
   0.        ]
 [ 0.          0.05070238  0.00792467 ...  0.00603809  0.00325734
  -0.00573623]
 [ 0.          0.00312543 -0.00743233 ... -0.00534064  0.00849687
  -0.01295958]
 ...
 [ 0.         -0.02961485  0.02112114 ... -0.23184847 -0.25056101
  -0.21112848]
 [ 0.         -0.03251842 -0.01010935 ... -0.22792269 -0.24291608
  -0.23233351]
 [ 0.          0.03379314  0.00589186 ... -0.21385015 -0.22399128
  -0.27173628]]
[[ 0.          0.          0.         ...  0.          0.
   0.        ]
 [ 0.          0.01630416  0.00101616 ...  0.03096757  0.03232726
  -0.03625269]
 [ 0.          0.00543822  0.00165704 ... -0.01331997  0.00712183
  -0.00443206]
 ...
 [ 0.         -0.0071211   0.0119803  ... -0.23847168 -0.24456804
  -0.25287013]
 [ 0.         -0.00848508  0.00803899 ... -0.23063137 -0.26219329
  -0.27879614]
 [ 0.          0.01239011  0.00300512 ... -0.25871439 -0.2755612
  -0.27123287]]
[[ 0.          0.          0.         ...  0.          0.
   0.        ]
 [ 0.         -0.03278463 -0.00633467 ...  0.02526838  0.02952909
  -0.03260583]
 [ 0.          0.00521406  0.01513947 ... -0.00376536 -0.00224572
   0.01098565]
 ...
 [ 0.          0.02323317 -0.00461601 ... -0.24660082 -0.24204297
  -0.29346307]
 [ 0.          0.02736034  0.02240783 ... -0.25081154 -0.2766664
  -0.31273575]
 [ 0.         -0.01967549  0.00277659 ... -0.29631751 -0.31849536
  -0.27370236]]
[[ 0.00000000e+00  0.00000000e+00  0.00000000e+00 ...  0.00000000e+00
   0.00000000e+00  0.00000000e+00]
 [ 0.00000000e+00 -4.93689391e-02 -4.43484122e-03 ... -9.39246339e-06
  -5.19395474e-03  5.62409134e-03]
 [ 0.00000000e+00  2.21477097e-03  1.81361574e-02 ...  1.33928132e-02
  -2.47200779e-03  1.72969128e-02]
 ...
 [ 0.00000000e+00  3.11558933e-02 -7.43342211e-03 ... -2.66544765e-01
  -2.65123407e-01 -3.18566995e-01]
 [ 0.00000000e+00  4.23367912e-02  1.77843478e-02 ... -2.90709713e-01
  -2.95494512e-01 -3.23081498e-01]
 [ 0.00000000e+00 -2.94502466e-02  9.54355640e-03 ... -3.13297404e-01
  -3.34229570e-01 -2.97128447e-01]]
[[ 0.          0.          0.         ...  0.          0.
   0.        ]
 [ 0.         -0.01713933  0.00600493 ... -0.01856252 -0.03393738
   0.04266168]
 [ 0.         -0.00149444  0.00475479 ...  0.02372558  0.00997542
   0.01042947]
 ...
 [ 0.          0.01331234  0.00733349 ... -0.29615632 -0.30991346
  -0.32489804]
 [ 0.          0.01984895  0.00333087 ... -0.33023779 -0.32211416
  -0.31891361]
 [ 0.         -0.00416723  0.01663432 ... -0.31491993 -0.32577169
  -0.33631808]]
[[ 0.          0.          0.         ...  0.          0.
   0.        ]
 [ 0.          0.03335723  0.01294735 ... -0.01460394 -0.02022478
   0.04182603]
 [ 0.         -0.0035708  -0.01159607 ...  0.022531    0.02029746
   0.00306548]
 ...
 [ 0.         -0.00740608  0.02482047 ... -0.32280989 -0.3508459
  -0.32161449]
 [ 0.         -0.01936884 -0.0010066  ... -0.34720867 -0.34782879
  -0.32139309]
 [ 0.          0.03336203  0.01582993 ... -0.31745768 -0.31632309
  -0.36852   ]]
[[ 0.          0.          0.         ...  0.          0.
   0.        ]
 [ 0.          0.0528407   0.00739369 ...  0.00771457  0.02559249
   0.00533104]
 [ 0.         -0.00191348 -0.01225486 ...  0.01330782  0.01824335
   0.00731295]
 ...
 [ 0.         -0.01035534  0.03076777 ... -0.33494924 -0.36386565
  -0.32219283]
 [ 0.         -0.03298046  0.00946976 ... -0.33907891 -0.35965732
  -0.34231857]
 [ 0.          0.04498504  0.00933341 ... -0.33108325 -0.32808378
  -0.37589096]]
[[ 0.          0.          0.         ...  0.          0.
   0.        ]
 [ 0.          0.02085352 -0.00452085 ...  0.03042653  0.0536395
  -0.02693588]
 [ 0.          0.00418845  0.00422644 ...  0.00335316  0.01210148
   0.01935882]
 ...
 [ 0.          0.00354401  0.02354375 ... -0.33236088 -0.34695326
  -0.33373084]
 [ 0.         -0.00258675  0.02199291 ... -0.32432421 -0.35516526
  -0.3709404 ]
 [ 0.          0.0169575   0.0069507  ... -0.35078694 -0.36043953
  -0.36291703]]
[[ 0.          0.          0.         ...  0.          0.
   0.        ]
 [ 0.         -0.03207028 -0.00867896 ...  0.0343292   0.03194505
  -0.0207513 ]
 [ 0.          0.01067544  0.02001668 ...  0.0032048   0.0136138
   0.0257459 ]
 ...
 [ 0.          0.01895646  0.01090986 ... -0.32469439 -0.32117313
  -0.35159208]
 [ 0.          0.04101732  0.0258728  ... -0.3236474  -0.34617229
  -0.38431021]
 [ 0.         -0.02269717  0.01296524 ... -0.36294356 -0.38968293
  -0.35132957]]
[[ 0.          0.          0.         ...  0.          0.
   0.        ]
 [ 0.         -0.05242468 -0.00085798 ...  0.01435335 -0.01489653
   0.01541949]
 [ 0.          0.00951253  0.01872268 ...  0.01872769  0.02013276
   0.02073174]
 ...
 [ 0.          0.02351311  0.00383768 ... -0.3206689  -0.31220978
  -0.36334776]
 [ 0.          0.04913709  0.0229227  ... -0.34020809 -0.34571045
  -0.37172085]
 [ 0.         -0.03183333  0.02143074 ... -0.35949427 -0.39177549
  -0.3575756 ]]
[[ 0.          0.          0.         ...  0.          0.
   0.        ]
 [ 0.         -0.01819076  0.00840145 ... -0.01194214 -0.03436518
   0.04148446]
 [ 0.         -0.00186476  0.00264303 ...  0.03829088  0.0215202
   0.01193263]
 ...
 [ 0.          0.0160541   0.01111696 ... -0.32072676 -0.3277686
  -0.35933568]
 [ 0.          0.01177039  0.01901958 ... -0.35708928 -0.35351672
  -0.34699931]
 [ 0.          0.00054747  0.02512557 ... -0.34543455 -0.36573152
  -0.37590792]]
[[ 0.          0.          0.         ...  0.          0.
   0.        ]
 [ 0.          0.03586809  0.00798381 ... -0.0177782  -0.00670302
   0.03082796]
 [ 0.         -0.01302775 -0.01223067 ...  0.0391469   0.01743257
   0.01004665]
 ...
 [ 0.          0.00447338  0.03017009 ... -0.32007388 -0.35041167
  -0.34130057]
 [ 0.         -0.02846141  0.01639664 ... -0.35385444 -0.35720344
  -0.33421836]
 [ 0.          0.04174165  0.02428843 ... -0.33277725 -0.3341037
  -0.38446899]]
[[ 0.00000000e+00  0.00000000e+00  0.00000000e+00 ...  0.00000000e+00
   0.00000000e+00  0.00000000e+00]
 [ 0.00000000e+00  5.27978656e-02 -2.36615684e-04 ...  4.13050718e-03
   3.52827426e-02 -2.11361096e-03]
 [ 0.00000000e+00 -9.50279188e-03 -1.34495892e-02 ...  1.59578397e-02
   1.64250500e-02  1.75925737e-02]
 ...
 [ 0.00000000e+00 -6.11525584e-04  4.35640886e-02 ... -3.15421525e-01
  -3.53578895e-01 -3.20960871e-01]
 [ 0.00000000e+00 -2.45788847e-02  1.71441810e-02 ... -3.27066337e-01
  -3.46833763e-01 -3.41516896e-01]
 [ 0.00000000e+00  5.05863511e-02  2.41364079e-02 ... -3.27631573e-01
  -3.20510529e-01 -3.67876072e-01]]
[[ 0.          0.          0.         ...  0.          0.
   0.        ]
 [ 0.          0.01449492 -0.00566862 ...  0.03084041  0.04659625
  -0.02025114]
 [ 0.          0.00813398 -0.00164499 ... -0.0060724   0.02110546
   0.02801139]
 ...
 [ 0.          0.0059859   0.03532736 ... -0.30626016 -0.32701769
  -0.30902139]
 [ 0.          0.02066228  0.02468419 ... -0.29491005 -0.32529849
  -0.35159543]
 [ 0.          0.02138067  0.02714204 ... -0.32398482 -0.32711981
  -0.33285198]]
[[ 0.          0.          0.         ...  0.          0.
   0.        ]
 [ 0.         -0.03768661 -0.00307271 ...  0.03429389  0.01923719
  -0.00454841]
 [ 0.          0.02039727  0.01258215 ...  0.00072888  0.02503979
   0.03257613]
 ...
 [ 0.          0.01853418  0.01319048 ... -0.29182393 -0.28654208
  -0.30490287]
 [ 0.          0.05825385  0.03618296 ... -0.27935855 -0.30362547
  -0.33977036]
 [ 0.         -0.01190944  0.03091765 ... -0.3109771  -0.33392306
  -0.30108071]]
[[ 0.          0.          0.         ...  0.          0.
   0.        ]
 [ 0.         -0.04785039  0.00277938 ...  0.01354143 -0.01366274
   0.02751896]
 [ 0.          0.01044868  0.01701119 ...  0.03028964  0.02421443
   0.02776592]
 ...
 [ 0.          0.02527799  0.00395449 ... -0.27097516 -0.25744187
  -0.2974293 ]
 [ 0.          0.0482935   0.04069327 ... -0.28228886 -0.2882255
  -0.30051978]
 [ 0.         -0.01397459  0.03212247 ... -0.28573467 -0.31920483
  -0.28719244]]
[[ 0.          0.          0.         ...  0.          0.
   0.        ]
 [ 0.         -0.00685677  0.0051653  ... -0.00642939 -0.01658123
   0.0424729 ]
 [ 0.         -0.0133628   0.00644491 ...  0.04888775  0.02213574
   0.01846808]
 ...
 [ 0.          0.02091738  0.02095514 ... -0.24548369 -0.24877519
  -0.27581094]
 [ 0.          0.00303882  0.03188088 ... -0.28165405 -0.27446386
  -0.25409117]
 [ 0.          0.0145452   0.02982633 ... -0.25693057 -0.28037113
  -0.2846391 ]]
[[ 0.          0.          0.         ...  0.          0.
   0.        ]
 [ 0.          0.03894424  0.00288735 ... -0.00583041  0.01162633
   0.02604388]
 [ 0.         -0.02432506 -0.0112644  ...  0.0369363   0.02212876
   0.014201  ]
 ...
 [ 0.          0.01158285  0.04533556 ... -0.22009034 -0.24578846
  -0.24001785]
 [ 0.         -0.02841882  0.0183005  ... -0.25462904 -0.25246125
  -0.22582266]
 [ 0.          0.04037237  0.02575446 ... -0.23443434 -0.23526747
  -0.27338179]]
[[ 0.          0.          0.         ...  0.          0.
   0.        ]
 [ 0.          0.04044158 -0.00112092 ...  0.00997724  0.03879311
  -0.00346122]
 [ 0.         -0.00832311 -0.01913576 ...  0.01064671  0.022738
   0.01967784]
 ...
 [ 0.          0.005967    0.04846545 ... -0.19747817 -0.2272281
  -0.20083117]
 [ 0.         -0.01389371  0.01426018 ... -0.20359347 -0.2183743
  -0.21965237]
 [ 0.          0.03525417  0.02303744 ... -0.2171538  -0.20378255
  -0.24070612]]
[[ 0.          0.          0.         ...  0.          0.
   0.        ]
 [ 0.         -0.00086367 -0.00424283 ...  0.02251131  0.03448029
  -0.01575267]
 [ 0.          0.01822708 -0.00722163 ... -0.00156162  0.02285166
   0.0289316 ]
 ...
 [ 0.          0.00581535  0.02670897 ... -0.17494964 -0.18735964
  -0.17018215]
 [ 0.          0.02839545  0.02285383 ... -0.15492141 -0.17947717
  -0.2137207 ]
 [ 0.          0.00598128  0.0239291  ... -0.19407587 -0.18851927
  -0.19353611]]
[[ 0.          0.          0.         ...  0.          0.
   0.        ]
 [ 0.         -0.03780919 -0.00487037 ...  0.02175     0.00308975
  -0.00037664]
 [ 0.          0.02610114  0.0140285  ...  0.00838486  0.02376001
   0.03151924]
 ...
 [ 0.          0.00813863  0.00363461 ... -0.14788678 -0.13994344
  -0.15079382]
 [ 0.          0.05095178  0.03371957 ... -0.13066824 -0.14723313
  -0.18329736]
 [ 0.         -0.01469644  0.02721462 ... -0.15778314 -0.17363883
  -0.15015805]]
[[ 0.          0.          0.         ...  0.          0.
   0.        ]
 [ 0.         -0.03163783 -0.00173994 ...  0.01107208 -0.02010719
   0.02393412]
 [ 0.          0.00623065  0.02201722 ...  0.02613289  0.02368501
   0.02473808]
 ...
 [ 0.          0.01176339  0.0007844  ... -0.11550748 -0.10298384
  -0.13386568]
 [ 0.          0.02934677  0.03562737 ... -0.12495519 -0.12464293
  -0.12744725]
 [ 0.         -0.00481023  0.02884959 ... -0.11421255 -0.14232285
  -0.12093501]]
[[ 0.          0.          0.         ...  0.          0.
   0.        ]
 [ 0.          0.00729404  0.00407298 ... -0.00070166 -0.00852415
   0.03145201]
 [ 0.         -0.02018312  0.00667415 ...  0.03496642  0.01845167
   0.01625648]
 ...
 [ 0.          0.01592057  0.01658948 ... -0.08160036 -0.0817674
  -0.1066645 ]
 [ 0.         -0.01095988  0.02622521 ... -0.11138811 -0.10183708
  -0.0708726 ]
 [ 0.          0.02323274  0.02662799 ... -0.07665725 -0.09421235
  -0.09868698]]
[[ 0.          0.          0.         ...  0.          0.
   0.        ]
 [ 0.          0.03490433  0.00773557 ... -0.00494137  0.02388355
   0.01731398]
 [ 0.         -0.02512798 -0.01684788 ...  0.02855494  0.01124653
   0.01383126]
 ...
 [ 0.          0.01600727  0.03360461 ... -0.05013617 -0.06564513
  -0.06402657]
 [ 0.         -0.02396201  0.01196756 ... -0.07199593 -0.06675427
  -0.03794065]
 [ 0.          0.03776818  0.02279885 ... -0.0509383  -0.04473792
  -0.06836671]]
[[ 0.          0.          0.         ...  0.          0.
   0.        ]
 [ 0.          0.02326219  0.00453196 ...  0.00305678  0.03831248
  -0.00038083]
 [ 0.         -0.00397567 -0.02400488 ...  0.0111581   0.01245956
   0.01667994]
 ...
 [ 0.          0.00859968  0.03662291 ... -0.02153279 -0.03908762
  -0.01393508]
 [ 0.          0.00343362  0.00421293 ... -0.01527183 -0.01999709
  -0.02634009]
 [ 0.          0.0236867   0.02025937 ... -0.02901746 -0.00822487
  -0.02453272]]
[[ 0.          0.          0.         ...  0.          0.
   0.        ]
 [ 0.         -0.01150307 -0.00421538 ...  0.01745664  0.01821281
  -0.00404191]
 [ 0.          0.02011065 -0.00748552 ... -0.00417055  0.02320222
   0.01939   ]
 ...
 [ 0.         -0.000287    0.02239656 ...  0.00705684  0.00385025
   0.02878631]
 [ 0.          0.03652046  0.01202553 ...  0.03431956  0.02452607
  -0.00960069]
 [ 0.         -0.00223657  0.01827095 ...  0.00186605  0.01607001
   0.02292639]]
