[[ 0.00000000e+00  0.00000000e+00  0.00000000e+00 ...  0.00000000e+00
   0.00000000e+00  0.00000000e+00]
 [ 6.78318278e-05  2.05094181e-05  4.01281092e-05 ...  3.31690445e-05
  -3.77164250e-05  0.00000000e+00]
 [ 9.80352296e-05  5.77580415e-05  1.09581608e-04 ...  2.61870917e-05
   1.27018739e-06  0.00000000e+00]
 ...
 [ 8.11973271e-05  1.16316841e-04  6.67107639e-05 ... -9.66919255e-05
  -8.84962117e-06  0.00000000e+00]
 [ 9.58176635e-05  7.33928283e-05  9.93866624e-05 ... -8.57183227e-05
  -6.05531368e-05  0.00000000e+00]
 [ 1.06266912e-04  8.02165912e-05  9.28781500e-05 ... -5.36940404e-05
  -6.35595061e-05  0.00000000e+00]]
[[ 0.00000000e+00  0.00000000e+00  0.00000000e+00 ...  0.00000000e+00
   0.00000000e+00  0.00000000e+00]
 [ 2.88431438e-05  5.10486616e-05  6.07642700e-05 ... -1.04863194e-05
  -1.70355604e-05  0.00000000e+00]
 [ 1.23827585e-04  4.72604553e-05  7.51784575e-05 ...  5.41064420e-05
  -2.18400912e-06  0.00000000e+00]
 ...
 [ 1.05350063e-04  1.28612398e-04  1.17738808e-04 ... -8.20125792e-05
  -1.19589498e-05  0.00000000e+00]
 [ 1.57291184e-04  8.96090903e-05  9.68312729e-05 ... -8.55155594e-05
  -8.50219334e-05  0.00000000e+00]
 [ 1.11286937e-04  1.34262169e-04  1.26634955e-04 ... -5.40522696e-05
  -4.02925889e-05  0.00000000e+00]]
[[ 0.00000000e+00  0.00000000e+00  0.00000000e+00 ...  0.00000000e+00
   0.00000000e+00  0.00000000e+00]
 [ 1.19411635e-05  6.47562107e-05  6.02370959e-05 ... -3.34794701e-05
   1.75132824e-05  0.00000000e+00]
 [ 1.10552904e-04  8.04152793e-05  4.96704970e-05 ...  3.57175587e-05
   5.25433920e-06  0.00000000e+00]
 ...
 [ 1.43385715e-04  1.27954923e-04  1.58702301e-04 ... -6.07010082e-05
  -3.83122113e-05  0.00000000e+00]
 [ 1.77357839e-04  1.45465518e-04  1.12398399e-04 ... -7.80239080e-05
  -5.89105712e-05  0.00000000e+00]
 [ 1.33551832e-04  1.69493866e-04  1.47614551e-04 ... -7.71484246e-05
  -2.15747808e-05  0.00000000e+00]]
[[ 0.00000000e+00  0.00000000e+00  0.00000000e+00 ...  0.00000000e+00
   0.00000000e+00  0.00000000e+00]
 [ 2.99105893e-05  5.18559339e-05  3.89873487e-05 ... -1.03949458e-05
   2.74925601e-05  0.00000000e+00]
 [ 7.11645876e-05  1.18704139e-04  5.62490456e-05 ... -8.51873145e-06
   1.90404689e-05  0.00000000e+00]
 ...
 [ 1.83828451e-04  1.41603102e-04  1.74550504e-04 ... -4.87030744e-05
  -5.87545701e-05  0.00000000e+00]
 [ 1.70006881e-04  2.02657684e-04  1.54925444e-04 ... -6.48987152e-05
  -8.36636280e-06  0.00000000e+00]
 [ 1.75753737e-04  1.84263138e-04  1.62183791e-04 ... -9.53743861e-05
  -2.06906360e-05  0.00000000e+00]]
[[ 0.00000000e+00  0.00000000e+00  0.00000000e+00 ...  0.00000000e+00
   0.00000000e+00  0.00000000e+00]
 [ 5.62022035e-05  3.40002424e-05  1.91577327e-05 ...  2.98957741e-05
   1.21406585e-05  0.00000000e+00]
 [ 4.58630048e-05  1.15707176e-04  8.49144778e-05 ... -2.80365759e-05
   2.12546228e-05  0.00000000e+00]
 ...
 [ 2.10705794e-04  1.81067330e-04  1.74854126e-04 ... -4.94119071e-05
  -5.12571964e-05  0.00000000e+00]
 [ 1.75710731e-04  2.19891808e-04  2.05159660e-04 ... -5.12767603e-05
   1.44582281e-05  0.00000000e+00]
 [ 2.18646278e-04  1.95983860e-04  1.81703060e-04 ... -8.61742101e-05
  -3.02237014e-05  0.00000000e+00]]
[[ 0.00000000e+00  0.00000000e+00  0.00000000e+00 ...  0.00000000e+00
   0.00000000e+00  0.00000000e+00]
 [ 6.03079769e-05  2.99110867e-05  2.03750212e-05 ...  4.19465199e-05
  -2.56430244e-06  0.00000000e+00]
 [ 5.69879910e-05  7.11495144e-05  1.03990326e-04 ...  2.27766548e-06
   5.40589484e-06  0.00000000e+00]
 ...
 [ 2.20226796e-04  2.29213302e-04  1.82000932e-04 ... -5.21553212e-05
  -2.12881415e-05  0.00000000e+00]
 [ 2.11942502e-04  2.06714519e-04  2.36480601e-04 ... -4.23743003e-05
  -1.03648237e-05  0.00000000e+00]
 [ 2.45139328e-04  2.15776973e-04  2.10535961e-04 ... -5.20924280e-05
  -3.50179863e-05  0.00000000e+00]]
[[ 0.00000000e+00  0.00000000e+00  0.00000000e+00 ...  0.00000000e+00
   0.00000000e+00  0.00000000e+00]
 [ 4.09075370e-05  3.38689724e-05  3.93565919e-05 ...  1.77644526e-05
  -2.86685721e-06  0.00000000e+00]
 [ 8.58806329e-05  3.17707810e-05  9.25863342e-05 ...  5.18817708e-05
  -9.46519445e-06  0.00000000e+00]
 ...
 [ 2.24814565e-04  2.56995586e-04  2.08899278e-04 ... -4.52401858e-05
   5.18941178e-06  0.00000000e+00]
 [ 2.57237558e-04  2.10176056e-04  2.40400719e-04 ... -3.92717533e-05
  -4.94931588e-05  0.00000000e+00]
 [ 2.55992583e-04  2.39334808e-04  2.42095826e-04 ... -1.70542056e-05
  -2.91630944e-05  0.00000000e+00]]
[[ 0.00000000e+00  0.00000000e+00  0.00000000e+00 ...  0.00000000e+00
   0.00000000e+00  0.00000000e+00]
 [ 2.07638457e-05  3.19666132e-05  5.41326356e-05 ... -8.76619812e-06
   1.77225977e-06  0.00000000e+00]
 [ 9.63106743e-05  3.71457405e-05  6.04808248e-05 ...  6.74128447e-05
  -2.70783735e-07  0.00000000e+00]
 ...
 [ 2.39219940e-04  2.54729609e-04  2.47473114e-04 ... -2.81382198e-05
   7.86907428e-06  0.00000000e+00]
 [ 2.82350246e-04  2.51953705e-04  2.33886354e-04 ... -3.66573479e-05
  -5.49396941e-05  0.00000000e+00]
 [ 2.62992638e-04  2.60457653e-04  2.65625202e-04 ... -4.05952202e-06
  -1.80727227e-05  0.00000000e+00]]
[[ 0.00000000e+00  0.00000000e+00  0.00000000e+00 ...  0.00000000e+00
   0.00000000e+00  0.00000000e+00]
 [ 1.71165920e-05  2.61081963e-05  4.73431682e-05 ... -7.45845998e-06
   2.37987151e-06  0.00000000e+00]
 [ 7.50360079e-05  7.45544651e-05  3.66302486e-05 ...  3.38880662e-05
   2.70776349e-05  0.00000000e+00]
 ...
 [ 2.64373772e-04  2.43797152e-04  2.76831688e-04 ... -1.00362731e-05
  -8.91708119e-06  0.00000000e+00]
 [ 2.84241820e-04  2.99633615e-04  2.42713022e-04 ... -2.64059791e-05
  -1.71617844e-05  0.00000000e+00]
 [ 2.74198349e-04  2.81380144e-04  2.76522765e-04 ... -1.48330677e-05
  -8.17761309e-06  0.00000000e+00]]
[[ 0.00000000e+00  0.00000000e+00  0.00000000e+00 ...  0.00000000e+00
   0.00000000e+00  0.00000000e+00]
 [ 2.59179454e-05  2.88951394e-05  2.41115896e-05 ...  1.39961564e-05
   5.51240547e-06  0.00000000e+00]
 [ 4.33152616e-05  9.58762178e-05  3.98152328e-05 ... -7.72731015e-06
   3.98196514e-05  0.00000000e+00]
 ...
 [ 2.87614860e-04  2.52888374e-04  2.83471490e-04 ...  1.90543217e-06
  -2.23091776e-05  0.00000000e+00]
 [ 2.82503463e-04  3.10712945e-04  2.75513125e-04 ... -5.96586025e-06
   2.69027413e-05  0.00000000e+00]
 [ 2.89710376e-04  3.03856210e-04  2.81009518e-04 ... -2.87212168e-05
  -1.48006650e-07  0.00000000e+00]]
[[ 0.00000000e+00  0.00000000e+00  0.00000000e+00 ...  0.00000000e+00
   0.00000000e+00  0.00000000e+00]
 [ 3.33334399e-05  3.92633813e-05  6.56338368e-06 ...  2.74877541e-05
   1.65864859e-05  0.00000000e+00]
 [ 3.01923183e-05  7.46135157e-05  6.12502802e-05 ... -9.17529245e-06
   1.95007795e-05  0.00000000e+00]
 ...
 [ 2.97884545e-04  2.84604042e-04  2.75209034e-04 ...  1.01199004e-05
  -1.43381183e-05  0.00000000e+00]
 [ 2.90897054e-04  2.89769623e-04  3.13625898e-04 ...  1.70972318e-05
   3.69587646e-05  0.00000000e+00]
 [ 3.06957134e-04  3.18798327e-04  2.90663996e-04 ... -2.12753687e-05
   7.53798591e-06  0.00000000e+00]]
[[ 0.00000000e+00  0.00000000e+00  0.00000000e+00 ...  0.00000000e+00
   0.00000000e+00  0.00000000e+00]
 [ 3.31127795e-05  3.89958267e-05  1.09671763e-05 ...  2.28816200e-05
   2.28212138e-05  0.00000000e+00]
 [ 4.16200206e-05  3.42837702e-05  7.50947484e-05 ...  2.87849273e-05
  -1.04351822e-05  0.00000000e+00]
 ...
 [ 2.96776217e-04  3.13091565e-04  2.73882260e-04 ...  2.17932968e-05
   1.15209009e-05  0.00000000e+00]
 [ 3.04770680e-04  2.81038008e-04  3.29943448e-04 ...  3.18523592e-05
   1.26302981e-05  0.00000000e+00]
 [ 3.23149170e-04  3.16489388e-04  3.10672055e-04 ...  1.35259807e-05
   1.34913380e-05  0.00000000e+00]]
[[ 0.00000000e+00  0.00000000e+00  0.00000000e+00 ...  0.00000000e+00
   0.00000000e+00  0.00000000e+00]
 [ 2.82114963e-05  1.93233769e-05  3.07802134e-05 ...  1.42108415e-05
   9.34633738e-06  0.00000000e+00]
 [ 5.88760649e-05  1.69195879e-05  6.47979633e-05 ...  6.09222740e-05
  -1.16089079e-05  0.00000000e+00]
 ...
 [ 2.93825132e-04  3.16416172e-04  2.92106901e-04 ...  3.89862429e-05
   3.58978392e-05  0.00000000e+00]
 [ 3.15307145e-04  3.07342156e-04  3.19278356e-04 ...  3.66464846e-05
  -1.01123169e-05  0.00000000e+00]
 [ 3.33081638e-04  3.05528216e-04  3.33050116e-04 ...  5.70673010e-05
   1.58652563e-05  0.00000000e+00]]
[[ 0.00000000e+00  0.00000000e+00  0.00000000e+00 ...  0.00000000e+00
   0.00000000e+00  0.00000000e+00]
 [ 2.17014513e-05 -6.94625458e-07  4.31190594e-05 ...  1.27077359e-05
  -1.28243931e-05  0.00000000e+00]
 [ 6.20586386e-05  3.36145895e-05  3.86186443e-05 ...  5.41915851e-05
   1.92391550e-05  0.00000000e+00]
 ...
 [ 2.95392673e-04  3.02478608e-04  3.19107169e-04 ...  5.67129345e-05
   4.33343476e-05  0.00000000e+00]
 [ 3.22925482e-04  3.40436619e-04  3.05249723e-04 ...  4.25856186e-05
  -6.40220036e-07  0.00000000e+00]
 [ 3.31682127e-04  3.08789359e-04  3.43985652e-04 ...  8.25713175e-05
   1.80789784e-05  0.00000000e+00]]
[[ 0.00000000e+00  0.00000000e+00  0.00000000e+00 ...  0.00000000e+00
   0.00000000e+00  0.00000000e+00]
 [ 1.42563212e-05  4.59077270e-06  3.26637140e-05 ...  1.22473116e-05
  -1.41840077e-05  0.00000000e+00]
 [ 4.87085240e-05  5.67518589e-05  1.95663076e-05 ...  2.34084885e-05
   4.41319827e-05  0.00000000e+00]
 ...
 [ 3.01513163e-04  2.95839069e-04  3.33084208e-04 ...  7.07435252e-05
   3.59422622e-05  0.00000000e+00]
 [ 3.30227563e-04  3.42955257e-04  3.12746518e-04 ...  6.15151320e-05
   3.54718331e-05  0.00000000e+00]
 [ 3.22370263e-04  3.34484583e-04  3.39651237e-04 ...  8.04071905e-05
   2.72162410e-05  0.00000000e+00]]
[[0.00000000e+00 0.00000000e+00 0.00000000e+00 ... 0.00000000e+00
  0.00000000e+00 0.00000000e+00]
 [9.44377430e-06 3.12033717e-05 8.30905605e-06 ... 6.82981713e-06
  1.27352089e-05 0.00000000e+00]
 [3.06410088e-05 5.75182748e-05 2.11890040e-05 ... 5.56579952e-06
  3.24840791e-05 0.00000000e+00]
 ...
 [3.10059753e-04 3.05567435e-04 3.26026233e-04 ... 8.37567646e-05
  2.92850266e-05 0.00000000e+00]
 [3.31568642e-04 3.20843071e-04 3.38117717e-04 ... 9.14178114e-05
  6.72804619e-05 0.00000000e+00]
 [3.18051304e-04 3.60560559e-04 3.32062039e-04 ... 6.82912377e-05
  4.49110788e-05 0.00000000e+00]]
[[ 0.00000000e+00  0.00000000e+00  0.00000000e+00 ...  0.00000000e+00
   0.00000000e+00  0.00000000e+00]
 [ 1.30094918e-05  4.54303753e-05 -6.01267942e-06 ...  6.09696955e-06
   3.67476907e-05  0.00000000e+00]
 [ 1.97982945e-05  3.76166264e-05  3.47192198e-05 ...  1.39609330e-05
   4.52580484e-07  0.00000000e+00]
 ...
 [ 3.18120380e-04  3.17978465e-04  3.10857556e-04 ...  1.01074143e-04
   3.68246107e-05  0.00000000e+00]
 [ 3.21471772e-04  3.11841402e-04  3.54633204e-04 ...  1.17385200e-04
   7.32121080e-05  0.00000000e+00]
 [ 3.27738994e-04  3.58955219e-04  3.35340492e-04 ...  7.48558672e-05
   6.28155323e-05  0.00000000e+00]]
[[ 0.00000000e+00  0.00000000e+00  0.00000000e+00 ...  0.00000000e+00
   0.00000000e+00  0.00000000e+00]
 [ 2.31252579e-05  2.53803633e-05  2.37439865e-06 ...  1.92489584e-05
   2.56498693e-05  0.00000000e+00]
 [ 2.02949716e-05  1.89331547e-05  4.01048517e-05 ...  3.15155047e-05
  -1.15300773e-05  0.00000000e+00]
 ...
 [ 3.20220856e-04  3.19822412e-04  3.03829178e-04 ...  1.21961858e-04
   5.80920856e-05  0.00000000e+00]
 [ 3.09696266e-04  3.29257996e-04  3.45841235e-04 ...  1.28382463e-04
   6.01879820e-05  0.00000000e+00]
 [ 3.43663934e-04  3.31863687e-04  3.47376278e-04 ...  1.11061784e-04
   7.06253305e-05  0.00000000e+00]]
[[ 0.00000000e+00  0.00000000e+00  0.00000000e+00 ...  0.00000000e+00
   0.00000000e+00  0.00000000e+00]
 [ 2.73159143e-05 -8.94180915e-06  2.04076563e-05 ...  3.29640255e-05
  -9.16810113e-06  0.00000000e+00]
 [ 2.86816514e-05  1.28460002e-05  2.72386370e-05 ...  4.06003533e-05
   8.50519737e-06  0.00000000e+00]
 ...
 [ 3.12247206e-04  3.14730338e-04  3.06507882e-04 ...  1.38949216e-04
   8.00229094e-05  0.00000000e+00]
 [ 3.13934257e-04  3.44222494e-04  3.23027155e-04 ...  1.30071017e-04
   5.12508439e-05  0.00000000e+00]
 [ 3.48146895e-04  3.10948942e-04  3.50645597e-04 ...  1.57899840e-04
   6.82785722e-05  0.00000000e+00]]
[[ 0.00000000e+00  0.00000000e+00  0.00000000e+00 ...  0.00000000e+00
   0.00000000e+00  0.00000000e+00]
 [ 1.59545955e-05 -1.91797797e-05  2.38507472e-05 ...  2.46855264e-05
  -2.44506647e-05  0.00000000e+00]
 [ 3.55136932e-05  1.17931151e-05  3.91673066e-06 ...  4.04149649e-05
   3.21423331e-05  0.00000000e+00]
 ...
 [ 2.99694479e-04  3.11105786e-04  3.08480462e-04 ...  1.46661870e-04
   8.89425938e-05  0.00000000e+00]
 [ 3.33875705e-04  3.30624671e-04  3.06311254e-04 ...  1.37733892e-04
   6.06559866e-05  0.00000000e+00]
 [ 3.34777209e-04  3.17576237e-04  3.33070302e-04 ...  1.84063830e-04
   6.70105559e-05  0.00000000e+00]]
[[ 0.00000000e+00  0.00000000e+00  0.00000000e+00 ...  0.00000000e+00
   0.00000000e+00  0.00000000e+00]
 [-3.28919156e-06  2.66164385e-06  4.81682548e-06 ... -1.96642254e-06
  -1.07559872e-06  0.00000000e+00]
 [ 2.87514677e-05  7.11448604e-06 -1.55196282e-05 ...  3.45052042e-05
   3.14170439e-05  0.00000000e+00]
 ...
 [ 2.95703353e-04  3.05903978e-04  3.01726503e-04 ...  1.48438699e-04
   8.25744808e-05  0.00000000e+00]
 [ 3.44684463e-04  3.03619422e-04  2.98934536e-04 ...  1.57311828e-04
   8.28269032e-05  0.00000000e+00]
 [ 3.16881904e-04  3.35639400e-04  3.03004161e-04 ...  1.76691184e-04
   7.66645767e-05  0.00000000e+00]]
[[ 0.00000000e+00  0.00000000e+00  0.00000000e+00 ...  0.00000000e+00
   0.00000000e+00  0.00000000e+00]
 [-1.22128071e-05  2.40019536e-05 -1.98712572e-05 ... -1.45939588e-05
   3.07377214e-05  0.00000000e+00]
 [ 3.57543959e-06  3.77830817e-07 -2.48316338e-05 ...  2.05464807e-05
   1.27984379e-05  0.00000000e+00]
 ...
 [ 3.05001601e-04  2.92209587e-04  2.85936869e-04 ...  1.51783027e-04
   7.17790342e-05  0.00000000e+00]
 [ 3.26031044e-04  2.94285345e-04  2.89341581e-04 ...  1.77259995e-04
   1.01308638e-04  0.00000000e+00]
 [ 3.10626612e-04  3.32849385e-04  2.78918892e-04 ...  1.53730367e-04
   9.36996866e-05  0.00000000e+00]]
[[ 0.00000000e+00  0.00000000e+00  0.00000000e+00 ...  0.00000000e+00
   0.00000000e+00  0.00000000e+00]
 [-5.08246900e-06  1.34137514e-05 -2.90267613e-05 ...  5.55636413e-06
   3.13644399e-05  0.00000000e+00]
 [-2.86927772e-05 -7.31903160e-06 -2.81366917e-05 ...  2.31720001e-06
   9.42438893e-07  0.00000000e+00]
 ...
 [ 3.13497472e-04  2.75794494e-04  2.63532944e-04 ...  1.58490406e-04
   7.00762526e-05  0.00000000e+00]
 [ 2.90332731e-04  3.00773822e-04  2.71760782e-04 ...  1.81108123e-04
   1.04166414e-04  0.00000000e+00]
 [ 3.13778122e-04  3.01380043e-04  2.67244283e-04 ...  1.44760724e-04
   1.04219783e-04  0.00000000e+00]]
[[ 0.00000000e+00  0.00000000e+00  0.00000000e+00 ...  0.00000000e+00
   0.00000000e+00  0.00000000e+00]
 [ 2.03996437e-06 -2.09452677e-05 -2.10827031e-05 ...  3.36141262e-05
   2.25141926e-06  0.00000000e+00]
 [-4.79888359e-05 -2.44256324e-05 -3.25641297e-05 ... -3.19148385e-06
   2.87151238e-06  0.00000000e+00]
 ...
 [ 3.01764703e-04  2.68750399e-04  2.37900840e-04 ...  1.61950228e-04
   8.00766878e-05  0.00000000e+00]
 [ 2.68897224e-04  2.91305490e-04  2.51483447e-04 ...  1.65912100e-04
   9.17088155e-05  0.00000000e+00]
 [ 3.07968764e-04  2.64324726e-04  2.56682880e-04 ...  1.59945272e-04
   9.88068265e-05  0.00000000e+00]]
[[ 0.00000000e+00  0.00000000e+00  0.00000000e+00 ...  0.00000000e+00
   0.00000000e+00  0.00000000e+00]
 [-9.60110145e-06 -4.52261118e-05 -1.34619241e-05 ...  3.04726053e-05
  -1.99916110e-05  0.00000000e+00]
 [-4.77272098e-05 -5.57975623e-05 -4.32274967e-05 ...  1.26019541e-05
   5.01401101e-06  0.00000000e+00]
 ...
 [ 2.68948026e-04  2.67059483e-04  2.15956536e-04 ...  1.54471694e-04
   9.01414815e-05  0.00000000e+00]
 [ 2.71048538e-04  2.53895616e-04  2.30637828e-04 ...  1.44970969e-04
   7.37413052e-05  0.00000000e+00]
 [ 2.81480512e-04  2.43015148e-04  2.34299824e-04 ...  1.79409369e-04
   8.22022721e-05  0.00000000e+00]]
[[ 0.00000000e+00  0.00000000e+00  0.00000000e+00 ...  0.00000000e+00
   0.00000000e+00  0.00000000e+00]
 [-3.72796716e-05 -4.39959911e-05 -2.07631020e-05 ... -4.80719775e-06
  -1.33713762e-05  0.00000000e+00]
 [-4.61457113e-05 -8.72742549e-05 -6.26181921e-05 ...  2.84903084e-05
  -1.84234645e-07  0.00000000e+00]
 ...
 [ 2.35383965e-04  2.50401788e-04  2.03347993e-04 ...  1.35297651e-04
   8.56555890e-05  0.00000000e+00]
 [ 2.70994487e-04  2.15530376e-04  2.02830899e-04 ...  1.31923297e-04
   6.13611703e-05  0.00000000e+00]
 [ 2.42767926e-04  2.31863197e-04  2.00676124e-04 ...  1.73920930e-04
   6.72336822e-05  0.00000000e+00]]
[[ 0.00000000e+00  0.00000000e+00  0.00000000e+00 ...  0.00000000e+00
   0.00000000e+00  0.00000000e+00]
 [-5.95339136e-05 -3.50991364e-05 -3.98710792e-05 ... -3.22281120e-05
   5.37237671e-06  0.00000000e+00]
 [-6.77019058e-05 -9.85593294e-05 -8.81917604e-05 ...  1.38007657e-05
  -4.19816977e-06  0.00000000e+00]
 ...
 [ 2.17907968e-04  2.10850596e-04  1.93971374e-04 ...  1.10565734e-04
   6.41217956e-05  0.00000000e+00]
 [ 2.41115137e-04  2.00657353e-04  1.67461211e-04 ...  1.25060289e-04
   5.88230071e-05  0.00000000e+00]
 [ 2.08385797e-04  2.11557455e-04  1.66192233e-04 ...  1.34963330e-04
   6.06603558e-05  0.00000000e+00]]
[[ 0.00000000e+00  0.00000000e+00  0.00000000e+00 ...  0.00000000e+00
   0.00000000e+00  0.00000000e+00]
 [-6.28379810e-05 -4.05942258e-05 -5.72767203e-05 ... -2.30846653e-05
   9.63718244e-06  0.00000000e+00]
 [-1.12732901e-04 -9.24726495e-05 -1.09824975e-04 ... -2.81824254e-05
  -2.13535063e-06  0.00000000e+00]
 ...
 [ 2.08984048e-04  1.68468345e-04  1.72261008e-04 ...  8.68816122e-05
   3.81382076e-05  0.00000000e+00]
 [ 1.87137214e-04  1.92873076e-04  1.37485653e-04 ...  1.10100375e-04
   5.99224468e-05  0.00000000e+00]
 [ 1.82978918e-04  1.76392467e-04  1.37519764e-04 ...  8.29982075e-05
   5.70383469e-05  0.00000000e+00]]
[[ 0.00000000e+00  0.00000000e+00  0.00000000e+00 ...  0.00000000e+00
   0.00000000e+00  0.00000000e+00]
 [-5.73453443e-05 -5.86419271e-05 -6.47271666e-05 ...  4.02310326e-06
  -2.04019825e-06  0.00000000e+00]
 [-1.53345253e-04 -9.65976081e-05 -1.16526976e-04 ... -5.64679786e-05
  -4.85745246e-06  0.00000000e+00]
 ...
 [ 1.86867293e-04  1.45934466e-04  1.32275934e-04 ...  6.61880388e-05
   2.25903581e-05  0.00000000e+00]
 [ 1.39015391e-04  1.59586643e-04  1.22009461e-04 ...  7.79403993e-05
   5.24186720e-05  0.00000000e+00]
 [ 1.56965001e-04  1.37276069e-04  1.13002640e-04 ...  4.63461701e-05
   4.63677413e-05  0.00000000e+00]]
[[ 0.00000000e+00  0.00000000e+00  0.00000000e+00 ...  0.00000000e+00
   0.00000000e+00  0.00000000e+00]
 [-6.18404943e-05 -7.27152310e-05 -6.37532524e-05 ...  1.08482155e-05
  -1.18859680e-05  0.00000000e+00]
 [-1.63852550e-04 -1.27585791e-04 -1.10025568e-04 ... -4.25650838e-05
  -2.01565374e-05  0.00000000e+00]
 ...
 [ 1.42930300e-04  1.35840120e-04  8.89688724e-05 ...  4.58672105e-05
   1.95652071e-05  0.00000000e+00]
 [ 1.12486759e-04  1.02772414e-04  1.08253420e-04 ...  3.65067521e-05
   2.92208499e-05  0.00000000e+00]
 [ 1.21541447e-04  1.02591190e-04  8.84689156e-05 ...  3.37795222e-05
   2.56125403e-05  0.00000000e+00]]
[[ 0.00000000e+00  0.00000000e+00  0.00000000e+00 ...  0.00000000e+00
   0.00000000e+00  0.00000000e+00]
 [-7.90972188e-05 -7.73681884e-05 -5.95943956e-05 ... -1.04716954e-05
  -1.21728502e-05  0.00000000e+00]
 [-1.49747276e-04 -1.64889292e-04 -1.06815856e-04 ... -9.92852052e-06
  -3.40613162e-05  0.00000000e+00]
 ...
 [ 9.07382901e-05  1.09532872e-04  6.19334558e-05 ...  2.20222793e-05
   1.71484747e-05  0.00000000e+00]
 [ 9.34040978e-05  5.79786424e-05  7.50156949e-05 ...  2.88133804e-06
  -2.77669729e-06  0.00000000e+00]
 [ 7.91166573e-05  6.91586125e-05  6.11984753e-05 ...  2.89738228e-05
   1.39802710e-06  0.00000000e+00]]
[[ 0.00000000e+00  0.00000000e+00  0.00000000e+00 ...  0.00000000e+00
   0.00000000e+00  0.00000000e+00]
 [-9.38098953e-05 -8.05481839e-05 -5.71428784e-05 ... -3.29395090e-05
  -1.14201351e-05  0.00000000e+00]
 [-1.39413454e-04 -1.73764540e-04 -1.19999346e-04 ... -6.18421617e-06
  -2.76929136e-05  0.00000000e+00]
 ...
 [ 4.79017531e-05  5.74664376e-05  5.03484461e-05 ... -7.30117295e-06
   3.02390136e-06  0.00000000e+00]
 [ 6.12267612e-05  4.19840481e-05  2.33082287e-05 ... -1.50239723e-05
  -2.66405872e-05  0.00000000e+00]
 [ 3.77742163e-05  3.34305198e-05  2.84990049e-05 ...  1.04248084e-05
  -1.73157251e-05  0.00000000e+00]]
[[ 0.00000000e+00  0.00000000e+00  0.00000000e+00 ...  0.00000000e+00
   0.00000000e+00  0.00000000e+00]
 [-9.31555598e-05 -8.43593239e-05 -6.08944698e-05 ... -3.51865839e-05
  -1.44053906e-05  0.00000000e+00]
 [-1.49450841e-04 -1.49787611e-04 -1.40988900e-04 ... -4.28703951e-05
  -8.42620625e-06  0.00000000e+00]
 ...
 [ 1.70878894e-05  3.78375031e-06  3.39585267e-05 ... -4.03829656e-05
  -2.22155737e-05  0.00000000e+00]
 [ 1.50443580e-05  2.78633925e-05 -2.07244939e-05 ... -2.60077162e-05
  -3.11928389e-05  0.00000000e+00]
 [ 1.20898737e-06 -3.06145378e-07 -1.08013788e-05 ... -2.58779240e-05
  -2.70966281e-05  0.00000000e+00]]
[[ 0.00000000e+00  0.00000000e+00  0.00000000e+00 ...  0.00000000e+00
   0.00000000e+00  0.00000000e+00]
 [-8.10870957e-05 -7.97705502e-05 -7.10941671e-05 ... -2.63455916e-05
  -1.38884530e-05  0.00000000e+00]
 [-1.66702054e-04 -1.24341332e-04 -1.46846957e-04 ... -8.32874020e-05
  -5.72419077e-06  0.00000000e+00]
 ...
 [-1.11049006e-05 -2.58358458e-05  6.92240262e-07 ... -7.24384721e-05
  -4.62026278e-05  0.00000000e+00]
 [-3.08812463e-05 -1.46712883e-05 -3.86604065e-05 ... -4.42810084e-05
  -2.33822312e-05  0.00000000e+00]
 [-3.22761821e-05 -2.92454513e-05 -5.06569113e-05 ... -6.40968994e-05
  -3.08227508e-05  0.00000000e+00]]
[[ 0.00000000e+00  0.00000000e+00  0.00000000e+00 ...  0.00000000e+00
   0.00000000e+00  0.00000000e+00]
 [-6.98214610e-05 -6.45418750e-05 -7.82504580e-05 ... -2.59760970e-05
  -7.50050800e-06  0.00000000e+00]
 [-1.66542518e-04 -1.22918363e-04 -1.26979532e-04 ... -9.27594781e-05
  -3.17015502e-05  0.00000000e+00]
 ...
 [-4.27498278e-05 -3.67221363e-05 -3.62075205e-05 ... -9.91742142e-05
  -5.84202173e-05  0.00000000e+00]
 [-6.81590086e-05 -7.36904183e-05 -4.34279910e-05 ... -7.35094914e-05
  -2.25159890e-05  0.00000000e+00]
 [-6.46549349e-05 -6.06517642e-05 -7.92086504e-05 ... -8.63723746e-05
  -3.33015931e-05  0.00000000e+00]]
[[ 0.00000000e+00  0.00000000e+00  0.00000000e+00 ...  0.00000000e+00
   0.00000000e+00  0.00000000e+00]
 [-6.39608287e-05 -5.25188953e-05 -6.87953660e-05 ... -3.66219711e-05
  -8.03146683e-06  0.00000000e+00]
 [-1.41340082e-04 -1.33033063e-04 -9.51888114e-05 ... -8.10315811e-05
  -6.20577140e-05  0.00000000e+00]
 ...
 [-7.47132315e-05 -5.27060671e-05 -5.47996382e-05 ... -1.21257282e-04
  -6.12421758e-05  0.00000000e+00]
 [-9.95913098e-05 -1.11259355e-04 -5.96972876e-05 ... -1.04828783e-04
  -4.04415833e-05  0.00000000e+00]
 [-9.69089134e-05 -1.00957755e-04 -9.11825853e-05 ... -9.08474319e-05
  -3.80263314e-05  0.00000000e+00]]
[[ 0.00000000e+00  0.00000000e+00  0.00000000e+00 ...  0.00000000e+00
   0.00000000e+00  0.00000000e+00]
 [-5.85943193e-05 -5.44243347e-05 -4.14610607e-05 ... -4.85477407e-05
  -2.52008801e-05  0.00000000e+00]
 [-1.05020405e-04 -1.23655187e-04 -7.11233154e-05 ... -8.22097863e-05
  -6.74816631e-05  0.00000000e+00]
 ...
 [-1.00886234e-04 -7.94683457e-05 -5.16465547e-05 ... -1.44899226e-04
  -6.69051793e-05  0.00000000e+00]
 [-1.27050504e-04 -1.15807042e-04 -8.85865395e-05 ... -1.29589153e-04
  -6.89499168e-05  0.00000000e+00]
 [-1.30845701e-04 -1.40383143e-04 -9.56955598e-05 ... -9.29921401e-05
  -4.70535750e-05  0.00000000e+00]]
[[ 0.00000000e+00  0.00000000e+00  0.00000000e+00 ...  0.00000000e+00
   0.00000000e+00  0.00000000e+00]
 [-4.91432552e-05 -5.78330811e-05 -1.31835262e-05 ... -5.98664426e-05
  -4.61767643e-05  0.00000000e+00]
 [-7.40095079e-05 -8.60059332e-05 -5.62252023e-05 ... -1.06198346e-04
  -5.25845025e-05  0.00000000e+00]
 ...
 [-1.16443897e-04 -9.74822683e-05 -4.34896605e-05 ... -1.75983913e-04
  -8.42603598e-05  0.00000000e+00]
 [-1.46106564e-04 -1.13419819e-04 -1.06409894e-04 ... -1.50265615e-04
  -8.93953103e-05  0.00000000e+00]
 [-1.66218050e-04 -1.60108249e-04 -1.05097288e-04 ... -1.11838278e-04
  -6.12761515e-05  0.00000000e+00]]
[[ 0.00000000e+00  0.00000000e+00  0.00000000e+00 ...  0.00000000e+00
   0.00000000e+00  0.00000000e+00]
 [-3.57953970e-05 -4.04919251e-05 -1.39268046e-06 ... -7.43060328e-05
  -4.90886204e-05  0.00000000e+00]
 [-5.13337255e-05 -3.99358720e-05 -3.57652745e-05 ... -1.28794912e-04
  -4.69052940e-05  0.00000000e+00]
 ...
 [-1.15916522e-04 -9.16967557e-05 -4.43850952e-05 ... -2.12100983e-04
  -1.09421919e-04  0.00000000e+00]
 [-1.54603143e-04 -1.25139522e-04 -9.76017723e-05 ... -1.76961253e-04
  -9.43959252e-05  0.00000000e+00]
 [-1.95035077e-04 -1.55935958e-04 -1.16601783e-04 ... -1.55355014e-04
  -7.98500114e-05  0.00000000e+00]]
[[ 0.00000000e+00  0.00000000e+00  0.00000000e+00 ...  0.00000000e+00
   0.00000000e+00  0.00000000e+00]
 [-1.85574037e-05 -1.93983130e-06 -2.29996191e-06 ... -8.27241488e-05
  -3.32146878e-05  0.00000000e+00]
 [-2.86882411e-05 -3.42296466e-06 -1.70404887e-06 ... -1.25390569e-04
  -6.09671194e-05  0.00000000e+00]
 ...
 [-9.53066377e-05 -7.19442424e-05 -5.14360386e-05 ... -2.40971863e-04
  -1.29432901e-04  0.00000000e+00]
 [-1.56170145e-04 -1.36679110e-04 -7.40994901e-05 ... -2.15096500e-04
  -9.65589106e-05  0.00000000e+00]
 [-2.03969341e-04 -1.44005794e-04 -1.12476753e-04 ... -2.16110436e-04
  -1.00974098e-04  0.00000000e+00]]
[[ 0.00000000e+00  0.00000000e+00  0.00000000e+00 ...  0.00000000e+00
   0.00000000e+00  0.00000000e+00]
 [ 4.94162432e-06  3.24820112e-05  4.70896345e-06 ... -6.61684808e-05
  -2.00488845e-05  0.00000000e+00]
 [ 3.43356119e-06  2.70914188e-05  3.58284440e-05 ... -9.44714101e-05
  -6.99447372e-05  0.00000000e+00]
 ...
 [-6.05402257e-05 -5.63354022e-05 -5.53013192e-05 ... -2.48875214e-04
  -1.34185260e-04  0.00000000e+00]
 [-1.49598310e-04 -1.23094506e-04 -5.63054115e-05 ... -2.58675340e-04
  -1.13538860e-04  0.00000000e+00]
 [-1.85962919e-04 -1.37352585e-04 -8.19853578e-05 ... -2.77609441e-04
  -1.24534947e-04  0.00000000e+00]]
[[ 0.00000000e+00  0.00000000e+00  0.00000000e+00 ...  0.00000000e+00
   0.00000000e+00  0.00000000e+00]
 [ 3.37133272e-05  4.36073441e-05  2.91487690e-05 ... -2.28301902e-05
  -2.08625011e-05  0.00000000e+00]
 [ 4.97437465e-05  6.12844587e-05  6.10717492e-05 ... -4.46099462e-05
  -4.65148573e-05  0.00000000e+00]
 ...
 [-2.82653508e-05 -4.68056267e-05 -5.47812069e-05 ... -2.32431910e-04
  -1.24134126e-04  0.00000000e+00]
 [-1.23227156e-04 -8.63133235e-05 -4.70385565e-05 ... -2.94458009e-04
  -1.46328836e-04  0.00000000e+00]
 [-1.46712761e-04 -1.25445633e-04 -3.77603237e-05 ... -3.24592680e-04
  -1.52481662e-04  0.00000000e+00]]
[[ 0.00000000e+00  0.00000000e+00  0.00000000e+00 ...  0.00000000e+00
   0.00000000e+00  0.00000000e+00]
 [ 6.05378073e-05  4.21619717e-05  5.39311320e-05 ...  2.34006200e-05
  -1.81498786e-05  0.00000000e+00]
 [ 1.06905468e-04  9.45254852e-05  6.81412673e-05 ...  2.12239977e-05
   4.84163727e-06  0.00000000e+00]
 ...
 [-1.16245587e-05 -3.35790497e-05 -5.30579811e-05 ... -2.02404221e-04
  -1.07240553e-04  0.00000000e+00]
 [-6.97584931e-05 -4.88480606e-05 -3.54486935e-05 ... -3.10228365e-04
  -1.75558425e-04  0.00000000e+00]
 [-9.62744202e-05 -8.71510582e-05 -4.54952803e-06 ... -3.49827406e-04
  -1.83797509e-04  0.00000000e+00]]
[[ 0.00000000e+00  0.00000000e+00  0.00000000e+00 ...  0.00000000e+00
   0.00000000e+00  0.00000000e+00]
 [ 7.92257919e-05  5.08032336e-05  5.39518072e-05 ...  5.15079232e-05
   9.77318689e-06  0.00000000e+00]
 [ 1.60226353e-04  1.14266912e-04  6.00534342e-05 ...  9.43345501e-05
   5.66585725e-05  0.00000000e+00]
 ...
 [-7.17305230e-06 -1.64517588e-05 -4.53086131e-05 ... -1.75244028e-04
  -9.05086801e-05  0.00000000e+00]
 [-3.15772057e-06 -1.90190607e-05 -1.88822012e-05 ... -2.99875335e-04
  -1.79546196e-04  0.00000000e+00]
 [-3.69262567e-05 -2.09111920e-05  6.03648309e-06 ... -3.53053532e-04
  -2.08611682e-04  0.00000000e+00]]
[[ 0.00000000e+00  0.00000000e+00  0.00000000e+00 ...  0.00000000e+00
   0.00000000e+00  0.00000000e+00]
 [ 9.12518293e-05  7.05023898e-05  2.59049708e-05 ...  6.82667120e-05
   5.49646894e-05  0.00000000e+00]
 [ 1.87705982e-04  1.18409245e-04  4.06615014e-05 ...  1.47234888e-04
   9.02113362e-05  0.00000000e+00]
 ...
 [-1.84338677e-06 -5.40329215e-06 -2.14497100e-05 ... -1.60442407e-04
  -7.60656590e-05  0.00000000e+00]
 [ 5.00317499e-05  1.49782818e-05 -5.35604618e-06 ... -2.64944343e-04
  -1.53736695e-04  0.00000000e+00]
 [ 3.48678070e-05  4.85348595e-05  3.88054810e-06 ... -3.33723641e-04
  -2.10117026e-04  0.00000000e+00]]
[[ 0.00000000e+00  0.00000000e+00  0.00000000e+00 ...  0.00000000e+00
   0.00000000e+00  0.00000000e+00]
 [ 9.93910877e-05  7.85906675e-05 -7.49030528e-06 ...  8.95334474e-05
   8.48110145e-05  0.00000000e+00]
 [ 1.75515667e-04  1.13573921e-04  1.66735337e-05 ...  1.53322454e-04
   1.03470865e-04  0.00000000e+00]
 ...
 [ 8.42477992e-06 -1.09093997e-07  1.76157603e-05 ... -1.55936539e-04
  -6.47410944e-05  0.00000000e+00]
 [ 7.76980835e-05  5.59491603e-05  5.09952335e-06 ... -2.14303453e-04
  -1.11972256e-04  0.00000000e+00]
 [ 1.13869620e-04  9.50114257e-05  4.92742648e-06 ... -2.85789699e-04
  -1.75899684e-04  0.00000000e+00]]
[[ 0.00000000e+00  0.00000000e+00  0.00000000e+00 ...  0.00000000e+00
   0.00000000e+00  0.00000000e+00]
 [ 9.65136140e-05  5.94569537e-05 -2.13301700e-05 ...  1.04812487e-04
   7.80974033e-05  0.00000000e+00]
 [ 1.30675706e-04  9.84851215e-05  3.49373031e-06 ...  1.18170027e-04
   9.42758089e-05  0.00000000e+00]
 ...
 [ 1.50707783e-05  1.46636567e-05  5.54674850e-05 ... -1.54712171e-04
  -6.05235326e-05  0.00000000e+00]
 [ 9.16517443e-05  8.53958631e-05  2.52590543e-05 ... -1.60460078e-04
  -7.19716192e-05  0.00000000e+00]
 [ 1.79114000e-04  1.13915974e-04  1.51705247e-05 ... -2.03020736e-04
  -1.09198068e-04  0.00000000e+00]]
[[ 0.00000000e+00  0.00000000e+00  0.00000000e+00 ...  0.00000000e+00
   0.00000000e+00  0.00000000e+00]
 [ 6.87840947e-05  2.42834276e-05 -9.41835348e-06 ...  8.27732285e-05
   4.30584627e-05  0.00000000e+00]
 [ 7.37006481e-05  6.47919606e-05  1.64086741e-05 ...  7.35964160e-05
   5.68538511e-05  0.00000000e+00]
 ...
 [ 1.43311111e-05  4.54830006e-05  7.59436459e-05 ... -1.53239895e-04
  -6.83640619e-05  0.00000000e+00]
 [ 1.06761757e-04  9.08193102e-05  5.93264068e-05 ... -1.12449963e-04
  -4.25447826e-05  0.00000000e+00]
 [ 2.06193309e-04  1.17303639e-04  3.24750069e-05 ... -9.28618438e-05
  -2.93459899e-05  0.00000000e+00]]
[[ 0.00000000e+00  0.00000000e+00  0.00000000e+00 ...  0.00000000e+00
   0.00000000e+00  0.00000000e+00]
 [ 1.39625234e-05 -4.13410065e-06  1.80883467e-05 ...  1.69052947e-05
  -1.32170691e-07  0.00000000e+00]
 [ 1.84316331e-05  1.80029815e-05  5.15322671e-05 ...  3.87003794e-05
   8.46065008e-07  0.00000000e+00]
 ...
 [ 1.97847427e-05  7.44428523e-05  7.66806914e-05 ... -1.51055563e-04
  -8.62844123e-05  0.00000000e+00]
 [ 1.19636385e-04  8.76421479e-05  8.89231689e-05 ... -7.14739056e-05
  -2.31131670e-05  0.00000000e+00]
 [ 1.86192314e-04  1.15085481e-04  5.64804783e-05 ...  1.56385637e-05
   3.86639240e-05  0.00000000e+00]]
[[ 0.00000000e+00  0.00000000e+00  0.00000000e+00 ...  0.00000000e+00
   0.00000000e+00  0.00000000e+00]
 [-4.77565574e-05 -1.59040653e-05  4.76794382e-05 ... -5.26957599e-05
  -3.87527935e-05  0.00000000e+00]
 [-3.45945142e-05 -1.69310622e-05  8.30700028e-05 ...  5.33848010e-06
  -4.29039875e-05  0.00000000e+00]
 ...
 [ 4.84707323e-05  7.93919894e-05  6.24580237e-05 ... -1.42698062e-04
  -1.00663405e-04  0.00000000e+00]
 [ 1.16188525e-04  9.63448095e-05  9.31220504e-05 ... -3.51245441e-05
  -1.03419829e-05  0.00000000e+00]
 [ 1.31775627e-04  1.09131947e-04  8.82166998e-05 ...  8.30445883e-05
   7.58072440e-05  0.00000000e+00]]
[[ 0.00000000e+00  0.00000000e+00  0.00000000e+00 ...  0.00000000e+00
   0.00000000e+00  0.00000000e+00]
 [-8.62828650e-05 -1.60220100e-05  6.69476300e-05 ... -7.62309799e-05
  -6.25205596e-05  0.00000000e+00]
 [-8.25379139e-05 -2.18949208e-05  8.58027191e-05 ... -3.04729758e-05
  -4.88986503e-05  0.00000000e+00]
 ...
 [ 9.58242704e-05  6.30436709e-05  3.42951537e-05 ... -1.14506608e-04
  -9.19674052e-05  0.00000000e+00]
 [ 9.47470636e-05  1.08161290e-04  7.63508445e-05 ... -5.44601281e-06
  -2.22399219e-06  0.00000000e+00]
 [ 6.78012457e-05  1.00413737e-04  1.21232404e-04 ...  8.52796275e-05
   7.42707824e-05  0.00000000e+00]]
[[ 0.00000000e+00  0.00000000e+00  0.00000000e+00 ...  0.00000000e+00
   0.00000000e+00  0.00000000e+00]
 [-8.47370048e-05 -1.04254837e-05  6.33374655e-05 ... -4.36947337e-05
  -5.50501737e-05  0.00000000e+00]
 [-1.06689565e-04 -9.51595755e-06  5.69766554e-05 ... -4.40125121e-05
  -2.22539339e-05  0.00000000e+00]
 ...
 [ 1.32156333e-04  4.76489554e-05 -2.77078068e-06 ... -5.51376970e-05
  -4.86625834e-05  0.00000000e+00]
 [ 7.01920060e-05  9.54553092e-05  6.23193150e-05 ...  1.07935288e-05
   2.33233181e-06  0.00000000e+00]
 [ 1.87164413e-05  9.06839593e-05  1.40594057e-04 ...  3.26471000e-05
   3.77951428e-05  0.00000000e+00]]
[[ 0.00000000e+00  0.00000000e+00  0.00000000e+00 ...  0.00000000e+00
   0.00000000e+00  0.00000000e+00]
 [-4.89171532e-05 -2.13234786e-06  3.04679182e-05 ...  1.33599684e-05
  -9.01678098e-06  0.00000000e+00]
 [-8.55858732e-05 -8.08658496e-06  1.23494464e-05 ... -1.02309032e-05
   1.25411098e-05  0.00000000e+00]
 ...
 [ 1.26986425e-04  4.34199906e-05 -2.56647552e-05 ...  2.76451634e-05
   2.09469948e-05  0.00000000e+00]
 [ 5.45749648e-05  5.50050785e-05  6.19241158e-05 ...  1.18718358e-05
   4.53784606e-06  0.00000000e+00]
 [ 4.92407636e-07  7.66326636e-05  1.33504814e-04 ... -3.53012107e-05
  -1.82819959e-05  0.00000000e+00]]
[[ 0.00000000e+00  0.00000000e+00  0.00000000e+00 ...  0.00000000e+00
   0.00000000e+00  0.00000000e+00]
 [ 1.66100809e-06  1.65918082e-06 -2.14158446e-05 ...  5.94251875e-05
   5.25086623e-05  0.00000000e+00]
 [-2.31363671e-05 -2.54349682e-05 -3.28200619e-05 ...  5.26671241e-05
   4.01428433e-05  0.00000000e+00]
 ...
 [ 7.45727065e-05  3.87106047e-05 -6.03012274e-06 ...  1.02549769e-04
   8.87044299e-05  0.00000000e+00]
 [ 4.36476778e-05  1.86877030e-05  6.25590857e-05 ...  8.05809113e-06
   5.83972293e-06  0.00000000e+00]
 [ 1.48240772e-05  5.23574452e-05  9.84102431e-05 ... -7.50662108e-05
  -6.83384789e-05  0.00000000e+00]]
[[ 0.00000000e+00  0.00000000e+00  0.00000000e+00 ...  0.00000000e+00
   0.00000000e+00  0.00000000e+00]
 [ 4.56241167e-05 -7.50592251e-06 -6.73348301e-05 ...  7.81163729e-05
   8.64174510e-05  0.00000000e+00]
 [ 4.37898757e-05 -4.08168055e-05 -6.96491522e-05 ...  9.30163386e-05
   5.80534455e-05  0.00000000e+00]
 ...
 [-2.83181327e-06  2.44954269e-05  5.33340926e-05 ...  1.33012705e-04
   1.20455485e-04  0.00000000e+00]
 [ 2.70057542e-05  1.30013278e-05  5.25460792e-05 ...  1.40072503e-05
   8.40788740e-06  0.00000000e+00]
 [ 4.57449890e-05  2.17946488e-05  4.48182440e-05 ... -6.41665156e-05
  -8.44477246e-05  0.00000000e+00]]
[[ 0.00000000e+00  0.00000000e+00  0.00000000e+00 ...  0.00000000e+00
   0.00000000e+00  0.00000000e+00]
 [ 6.44401261e-05 -2.47969831e-05 -8.40189508e-05 ...  6.49724680e-05
   6.79512433e-05  0.00000000e+00]
 [ 7.17425926e-05 -3.43804222e-05 -8.64483783e-05 ...  8.20875752e-05
   5.88629260e-05  0.00000000e+00]
 ...
 [-6.99765704e-05  1.06809060e-05  1.05864929e-04 ...  1.06314134e-04
   9.69479217e-05  0.00000000e+00]
 [ 4.08814077e-06  2.57741021e-05  3.95720211e-05 ...  3.37820662e-05
   1.50719172e-05  0.00000000e+00]
 [ 6.59935070e-05  7.77005981e-07 -9.49815815e-06 ... -9.13252849e-06
  -5.11608340e-05  0.00000000e+00]]
[[ 0.00000000e+00  0.00000000e+00  0.00000000e+00 ...  0.00000000e+00
   0.00000000e+00  0.00000000e+00]
 [ 4.66624433e-05 -3.07808723e-05 -6.39474688e-05 ...  2.30419729e-05
   1.24926408e-05  0.00000000e+00]
 [ 4.51285376e-05 -1.20545262e-05 -6.92638825e-05 ...  4.15890113e-05
   3.15215446e-05  0.00000000e+00]
 ...
 [-9.65966515e-05  6.24480824e-06  9.97381712e-05 ...  4.78262638e-05
   2.95654248e-05  0.00000000e+00]
 [-1.64478185e-05  2.65522928e-05  3.34546550e-05 ...  5.74216654e-05
   2.65563183e-05  0.00000000e+00]
 [ 5.44615582e-05 -2.56028610e-07 -4.07692549e-05 ...  6.37777776e-05
   2.19815294e-05  0.00000000e+00]]
[[ 0.00000000e+00  0.00000000e+00  0.00000000e+00 ...  0.00000000e+00
   0.00000000e+00  0.00000000e+00]
 [-2.52515563e-06 -1.33187771e-05 -1.60241753e-05 ... -2.55812076e-05
  -4.18177231e-05  0.00000000e+00]
 [-1.42006706e-05  5.35052876e-06 -2.04277772e-05 ...  9.64307786e-06
  -1.32913561e-05  0.00000000e+00]
 ...
 [-7.32107419e-05 -2.83917819e-06  2.87226332e-05 ...  5.13253820e-06
  -4.08809881e-05  0.00000000e+00]
 [-2.85436140e-05  6.52709469e-06  2.35942343e-05 ...  7.44837713e-05
   3.87265560e-05  0.00000000e+00]
 [ 1.15228685e-05  8.96410726e-06 -3.05093160e-05 ...  1.24878876e-04
   1.01221270e-04  0.00000000e+00]]
[[ 0.00000000e+00  0.00000000e+00  0.00000000e+00 ...  0.00000000e+00
   0.00000000e+00  0.00000000e+00]
 [-5.66987498e-05  1.41623946e-05  3.92034600e-05 ... -4.40734587e-05
  -6.40285048e-05  0.00000000e+00]
 [-6.63238191e-05  7.49179625e-06  3.09414184e-05 ... -7.57943097e-07
  -3.86260606e-05  0.00000000e+00]
 ...
 [-2.18919500e-05 -3.61711271e-05 -6.27832730e-05 ...  1.34697592e-05
  -6.60492581e-05  0.00000000e+00]
 [-3.30218937e-05 -1.97313107e-05 -7.55451048e-06 ...  8.75296518e-05
   4.58762509e-05  0.00000000e+00]
 [-4.20721321e-05  8.34632450e-06  1.34542723e-05 ...  1.55254350e-04
   1.45446416e-04  0.00000000e+00]]
[[ 0.00000000e+00  0.00000000e+00  0.00000000e+00 ...  0.00000000e+00
   0.00000000e+00  0.00000000e+00]
 [-8.13886377e-05  2.49802983e-05  7.27075370e-05 ... -1.58917196e-05
  -4.28856615e-05  0.00000000e+00]
 [-8.06352138e-05 -1.35642300e-06  4.88568304e-05 ...  1.99886833e-06
  -1.87996784e-05  0.00000000e+00]
 ...
 [ 1.14270830e-05 -8.39056331e-05 -1.22210566e-04 ...  7.10750056e-05
  -2.20572704e-05  0.00000000e+00]
 [-3.36576013e-05 -4.33587071e-05 -5.24187857e-05 ...  1.07748665e-04
   4.88813972e-05  0.00000000e+00]
 [-8.07999590e-05 -1.06184943e-05  5.01064486e-05 ...  1.54272323e-04
   1.30869400e-04  0.00000000e+00]]
[[ 0.00000000e+00  0.00000000e+00  0.00000000e+00 ...  0.00000000e+00
   0.00000000e+00  0.00000000e+00]
 [-5.89507762e-05  8.30852284e-06  5.77839163e-05 ...  3.13959985e-05
   1.24699938e-05  0.00000000e+00]
 [-5.25617565e-05 -1.62036000e-05  2.27647075e-05 ...  1.35266921e-05
   2.68589706e-05  0.00000000e+00]
 ...
 [-1.00693287e-05 -1.10391804e-04 -1.27772982e-04 ...  1.43739953e-04
   7.05424413e-05  0.00000000e+00]
 [-3.72330037e-05 -6.87775250e-05 -7.99111581e-05 ...  1.38233266e-04
   5.71453451e-05  0.00000000e+00]
 [-9.01968303e-05 -4.01324967e-05  3.38338027e-05 ...  1.37663239e-04
   6.89287647e-05  0.00000000e+00]]
[[ 0.00000000e+00  0.00000000e+00  0.00000000e+00 ...  0.00000000e+00
   0.00000000e+00  0.00000000e+00]
 [-3.36314097e-06 -2.10143905e-05 -6.07645454e-06 ...  5.31224407e-05
   6.99193976e-05  0.00000000e+00]
 [-4.46756511e-06 -3.47463208e-05 -2.45115585e-05 ...  3.26814220e-05
   5.34102429e-05  0.00000000e+00]
 ...
 [-8.00701335e-05 -9.82385734e-05 -9.20458078e-05 ...  1.92238690e-04
   1.56840992e-04  0.00000000e+00]
 [-5.51445743e-05 -9.23359334e-05 -7.44762408e-05 ...  1.66928615e-04
   7.76900658e-05  0.00000000e+00]
 [-7.38366615e-05 -7.08322647e-05 -4.12107418e-05 ...  1.26284524e-04
   3.99370173e-06  0.00000000e+00]]
[[ 0.00000000e+00  0.00000000e+00  0.00000000e+00 ...  0.00000000e+00
   0.00000000e+00  0.00000000e+00]
 [ 4.83763611e-05 -4.03693924e-05 -7.84246746e-05 ...  3.57600893e-05
   8.40825747e-05  0.00000000e+00]
 [ 2.86468590e-05 -4.74222247e-05 -5.97606512e-05 ...  4.53518322e-05
   4.00869400e-05  0.00000000e+00]
 ...
 [-1.51661793e-04 -7.24373069e-05 -4.69196513e-05 ...  1.99268947e-04
   1.84192201e-04  0.00000000e+00]
 [-9.32583963e-05 -9.82313218e-05 -5.78983298e-05 ...  1.78793530e-04
   1.02485548e-04  0.00000000e+00]
 [-5.20523718e-05 -1.00253668e-04 -1.29005585e-04 ...  1.32385531e-04
  -1.29429901e-05  0.00000000e+00]]
[[ 0.00000000e+00  0.00000000e+00  0.00000000e+00 ...  0.00000000e+00
   0.00000000e+00  0.00000000e+00]
 [ 6.09029590e-05 -3.87226365e-05 -1.01259959e-04 ...  4.95792976e-06
   3.31249344e-05  0.00000000e+00]
 [ 2.37119911e-05 -3.95815060e-05 -6.46906998e-05 ...  3.48227060e-05
   6.94993697e-06  0.00000000e+00]
 ...
 [-1.79274356e-04 -7.10141466e-05 -3.00696445e-05 ...  1.76989610e-04
   1.39416083e-04  0.00000000e+00]
 [-1.36914793e-04 -8.68573137e-05 -6.25541593e-05 ...  1.72290224e-04
   1.12306167e-04  0.00000000e+00]
 [-5.26199123e-05 -1.24307140e-04 -1.70514374e-04 ...  1.53664669e-04
   3.85453303e-05  0.00000000e+00]]
[[ 0.00000000e+00  0.00000000e+00  0.00000000e+00 ...  0.00000000e+00
   0.00000000e+00  0.00000000e+00]
 [ 2.39996763e-05 -1.83378706e-05 -5.06485531e-05 ... -1.13680565e-05
  -4.79806736e-05  0.00000000e+00]
 [-1.17875776e-05 -1.15333371e-05 -4.12598166e-05 ...  9.04486430e-06
  -1.55427700e-05  0.00000000e+00]
 ...
 [-1.57955348e-04 -1.03557676e-04 -6.55091370e-05 ...  1.53323535e-04
   5.83606463e-05  0.00000000e+00]
 [-1.57572990e-04 -8.73235516e-05 -9.41417888e-05 ...  1.61019116e-04
   9.73835286e-05  0.00000000e+00]
 [-9.21829800e-05 -1.32628157e-04 -1.46070349e-04 ...  1.78735523e-04
   1.27617362e-04  0.00000000e+00]]
[[ 0.00000000e+00  0.00000000e+00  0.00000000e+00 ...  0.00000000e+00
   0.00000000e+00  0.00000000e+00]
 [-3.84347257e-05  1.08392124e-05  3.47256710e-05 ... -1.05833066e-05
  -8.78333146e-05  0.00000000e+00]
 [-4.61252024e-05  1.33373035e-05 -4.37911494e-06 ... -4.85383649e-06
  -1.69247806e-05  0.00000000e+00]
 ...
 [-1.21575405e-04 -1.49082974e-04 -1.38164794e-04 ...  1.49446928e-04
   5.49069753e-07  0.00000000e+00]
 [-1.44416915e-04 -1.22441391e-04 -1.31717762e-04 ...  1.60306283e-04
   7.18266426e-05  0.00000000e+00]
 [-1.58204844e-04 -1.22872276e-04 -9.00019418e-05 ...  1.96934116e-04
   1.90006135e-04  0.00000000e+00]]
[[ 0.00000000e+00  0.00000000e+00  0.00000000e+00 ...  0.00000000e+00
   0.00000000e+00  0.00000000e+00]
 [-8.08645809e-05  3.15841452e-05  8.38537147e-05 ... -3.78295354e-06
  -4.67296628e-05  0.00000000e+00]
 [-5.22797758e-05  1.14141954e-05  2.44044325e-05 ...  1.59531808e-06
  -4.52914991e-06  0.00000000e+00]
 ...
 [-1.08710274e-04 -1.83284732e-04 -1.95567750e-04 ...  1.65185931e-04
   7.41845609e-06  0.00000000e+00]
 [-1.23503564e-04 -1.72140321e-04 -1.55123763e-04 ...  1.74181498e-04
   6.21584861e-05  0.00000000e+00]
 [-2.11946584e-04 -1.13624232e-04 -5.82337302e-05 ...  2.03427151e-04
   1.77080497e-04  0.00000000e+00]]
[[ 0.00000000e+00  0.00000000e+00  0.00000000e+00 ...  0.00000000e+00
   0.00000000e+00  0.00000000e+00]
 [-6.78199081e-05  2.43457651e-05  5.66806438e-05 ...  4.15566414e-06
   3.90256260e-05  0.00000000e+00]
 [-3.12454658e-05 -1.37980355e-05  2.56079484e-05 ...  7.21567087e-06
   1.10668389e-05  0.00000000e+00]
 ...
 [-1.33759913e-04 -1.93531777e-04 -1.94776757e-04 ...  1.83035878e-04
   7.32168980e-05  0.00000000e+00]
 [-1.33161835e-04 -1.93583003e-04 -1.59064749e-04 ...  1.93533667e-04
   8.00019562e-05  0.00000000e+00]
 [-2.18996981e-04 -1.29738173e-04 -8.31286241e-05 ...  1.98541044e-04
   9.77408949e-05  0.00000000e+00]]
[[ 0.00000000e+00  0.00000000e+00  0.00000000e+00 ...  0.00000000e+00
   0.00000000e+00  0.00000000e+00]
 [-5.63522940e-06 -1.34727050e-05 -2.11254293e-05 ...  1.17334850e-05
   8.95609145e-05  0.00000000e+00]
 [-5.93850544e-06 -3.62361180e-05 -2.57466953e-06 ... -2.64416859e-06
   1.87429338e-05  0.00000000e+00]
 ...
 [-1.82743616e-04 -1.77202119e-04 -1.49281038e-04 ...  1.86970009e-04
   1.48527724e-04  0.00000000e+00]
 [-1.79533704e-04 -1.75316815e-04 -1.47963954e-04 ...  2.03584441e-04
   1.08966335e-04  0.00000000e+00]
 [-1.82273889e-04 -1.72475636e-04 -1.51516761e-04 ...  1.86157890e-04
   1.47313719e-05  0.00000000e+00]]
[[ 0.00000000e+00  0.00000000e+00  0.00000000e+00 ...  0.00000000e+00
   0.00000000e+00  0.00000000e+00]
 [ 5.59230687e-05 -5.35676643e-05 -8.28876802e-05 ...  1.16357110e-05
   5.81543933e-05  0.00000000e+00]
 [ 4.60260432e-06 -3.70915785e-05 -3.71871788e-05 ... -1.12668393e-05
   9.09540551e-06  0.00000000e+00]
 ...
 [-2.25471684e-04 -1.46901039e-04 -1.15361309e-04 ...  1.78004338e-04
   1.75623257e-04  0.00000000e+00]
 [-2.26338875e-04 -1.51027666e-04 -1.34774376e-04 ...  1.94622137e-04
   1.20675263e-04  0.00000000e+00]
 [-1.42416188e-04 -2.13133238e-04 -2.16636204e-04 ...  1.72895647e-04
  -5.54562388e-06  0.00000000e+00]]
[[ 0.00000000e+00  0.00000000e+00  0.00000000e+00 ...  0.00000000e+00
   0.00000000e+00  0.00000000e+00]
 [ 6.32978003e-05 -5.61090068e-05 -7.84135369e-05 ... -2.73360080e-07
  -2.62237421e-05  0.00000000e+00]
 [ 4.72142413e-07 -2.09015640e-05 -4.86603340e-05 ... -1.74937092e-07
  -1.20861207e-05  0.00000000e+00]
 ...
 [-2.33868989e-04 -1.34974294e-04 -1.30091671e-04 ...  1.70209539e-04
   1.32775317e-04  0.00000000e+00]
 [-2.33118775e-04 -1.55997733e-04 -1.41826636e-04 ...  1.70900559e-04
   1.02883871e-04  0.00000000e+00]
 [-1.41218421e-04 -2.21460926e-04 -2.33997511e-04 ...  1.65332055e-04
   5.17293258e-05  0.00000000e+00]]
[[ 0.00000000e+00  0.00000000e+00  0.00000000e+00 ...  0.00000000e+00
   0.00000000e+00  0.00000000e+00]
 [ 9.28996557e-06 -1.15456676e-05 -1.36994865e-05 ... -1.35451019e-05
  -8.74680056e-05  0.00000000e+00]
 [-7.20945190e-06 -2.94196572e-06 -2.95877376e-05 ...  1.45161863e-05
  -2.19044922e-05  0.00000000e+00]
 ...
 [-2.02725047e-04 -1.67631053e-04 -1.76456159e-04 ...  1.71789972e-04
   5.37457617e-05  0.00000000e+00]
 [-1.97830879e-04 -1.87815225e-04 -1.81197776e-04 ...  1.50335071e-04
   7.10599081e-05  0.00000000e+00]
 [-1.83056369e-04 -1.96496335e-04 -1.98283384e-04 ...  1.65368897e-04
   1.37261263e-04  0.00000000e+00]]
[[ 0.00000000e+00  0.00000000e+00  0.00000000e+00 ...  0.00000000e+00
   0.00000000e+00  0.00000000e+00]
 [-5.63741232e-05  4.27254675e-05  5.59403216e-05 ... -1.50648821e-05
  -7.01066620e-05  0.00000000e+00]
 [-1.14301093e-05  7.71795701e-06 -1.73933282e-07 ...  2.50584976e-06
  -7.38334371e-06  0.00000000e+00]
 ...
 [-1.59392800e-04 -2.25349148e-04 -2.12243325e-04 ...  1.74090050e-04
   2.44932245e-06  0.00000000e+00]
 [-1.57568984e-04 -2.17606503e-04 -2.28656201e-04 ...  1.49795204e-04
   5.35115612e-05  0.00000000e+00]
 [-2.31947935e-04 -1.66448238e-04 -1.50734506e-04 ...  1.68826532e-04
   1.78954454e-04  0.00000000e+00]]
[[ 0.00000000e+00  0.00000000e+00  0.00000000e+00 ...  0.00000000e+00
   0.00000000e+00  0.00000000e+00]
 [-7.19337801e-05  5.60921740e-05  7.14943031e-05 ... -8.28666182e-06
   1.17492871e-05  0.00000000e+00]
 [-1.25156242e-05  8.76428882e-06  1.61083994e-05 ... -3.15004661e-05
   1.18232564e-05  0.00000000e+00]
 ...
 [-1.44105940e-04 -2.50098255e-04 -2.16251334e-04 ...  1.62592156e-04
   1.92558934e-05  0.00000000e+00]
 [-1.51367161e-04 -2.24296921e-04 -2.37809507e-04 ...  1.66084158e-04
   6.52513981e-05  0.00000000e+00]
 [-2.45869840e-04 -1.61636198e-04 -1.42572891e-04 ...  1.69562160e-04
   1.42016328e-04  0.00000000e+00]]
[[ 0.00000000e+00  0.00000000e+00  0.00000000e+00 ...  0.00000000e+00
   0.00000000e+00  0.00000000e+00]
 [-2.26489644e-05  1.54479094e-05  2.04491075e-05 ... -6.49021138e-06
   8.27400978e-05  0.00000000e+00]
 [-1.15559095e-05 -3.68899110e-07  1.47754462e-05 ... -4.87971282e-05
   5.77609512e-06  0.00000000e+00]
 ...
 [-1.70746125e-04 -2.09701548e-04 -1.96772419e-04 ...  1.36425642e-04
   8.49741353e-05  0.00000000e+00]
 [-1.85208142e-04 -2.06918198e-04 -1.94615079e-04 ...  1.74903102e-04
   9.35789316e-05  0.00000000e+00]
 [-2.15107664e-04 -1.88781922e-04 -1.83754408e-04 ...  1.63927899e-04
   5.72693455e-05  0.00000000e+00]]
[[ 0.00000000e+00  0.00000000e+00  0.00000000e+00 ...  0.00000000e+00
   0.00000000e+00  0.00000000e+00]
 [ 4.45955745e-05 -4.12864536e-05 -4.95361155e-05 ... -1.01782154e-05
   7.08122816e-05  0.00000000e+00]
 [-7.41077197e-06 -1.43712416e-05  5.39799248e-06 ... -3.04449928e-05
  -2.26807392e-05  0.00000000e+00]
 ...
 [-2.10023109e-04 -1.42412442e-04 -1.70843120e-04 ...  1.11607946e-04
   1.37271916e-04  0.00000000e+00]
 [-2.28336014e-04 -1.77197950e-04 -1.43477215e-04 ...  1.55017964e-04
   1.07614179e-04  0.00000000e+00]
 [-1.70289172e-04 -2.25786273e-04 -2.31642022e-04 ...  1.50478133e-04
  -6.05293815e-06  0.00000000e+00]]
[[ 0.00000000e+00  0.00000000e+00  0.00000000e+00 ...  0.00000000e+00
   0.00000000e+00  0.00000000e+00]
 [ 6.62191262e-05 -6.15623086e-05 -7.16607790e-05 ... -8.37491677e-06
  -2.01425549e-05  0.00000000e+00]
 [-1.98279085e-07 -1.93860753e-05 -5.27024219e-06 ... -3.33385232e-06
  -3.80041934e-05  0.00000000e+00]
 ...
 [-2.19467545e-04 -1.17079014e-04 -1.52546846e-04 ...  1.03522586e-04
   1.26261182e-04  0.00000000e+00]
 [-2.39589433e-04 -1.55282738e-04 -1.40163402e-04 ...  1.13158650e-04
   8.55944831e-05  0.00000000e+00]
 [-1.53856666e-04 -2.38233205e-04 -2.36663290e-04 ...  1.28134888e-04
  -3.12440285e-07  0.00000000e+00]]
[[ 0.00000000e+00  0.00000000e+00  0.00000000e+00 ...  0.00000000e+00
   0.00000000e+00  0.00000000e+00]
 [ 2.27381863e-05 -2.64827870e-05 -2.43878362e-05 ... -2.72410202e-06
  -1.02549614e-04  0.00000000e+00]
 [ 6.71691947e-06 -6.22240762e-06 -1.49135481e-05 ... -1.31841866e-06
  -2.04559526e-05  0.00000000e+00]
 ...
 [-1.88654318e-04 -1.54014275e-04 -1.52832660e-04 ...  1.09567475e-04
   5.80647628e-05  0.00000000e+00]
 [-2.03302515e-04 -1.61851052e-04 -1.85609946e-04 ...  7.88683849e-05
   3.77571518e-05  0.00000000e+00]
 [-1.79951486e-04 -2.08455907e-04 -1.95810698e-04 ...  9.87212922e-05
   5.90947307e-05  0.00000000e+00]]
[[ 0.00000000e+00  0.00000000e+00  0.00000000e+00 ...  0.00000000e+00
   0.00000000e+00  0.00000000e+00]
 [-4.27378602e-05  3.31115072e-05  4.46944563e-05 ... -9.60017931e-06
  -8.82020728e-05  0.00000000e+00]
 [ 9.65428151e-06  1.48934895e-05 -1.62030523e-05 ... -2.23592953e-05
   5.76277500e-06  0.00000000e+00]
 ...
 [-1.47333505e-04 -2.05193738e-04 -1.70840543e-04 ...  1.11452566e-04
  -1.28153268e-05  0.00000000e+00]
 [-1.47152924e-04 -1.94413974e-04 -2.25946657e-04 ...  7.25224977e-05
   1.16963831e-06  0.00000000e+00]
 [-2.19010169e-04 -1.56739988e-04 -1.53306446e-04 ...  7.09597983e-05
   1.08300465e-04  0.00000000e+00]]
[[ 0.00000000e+00  0.00000000e+00  0.00000000e+00 ...  0.00000000e+00
   0.00000000e+00  0.00000000e+00]
 [-6.54690644e-05  6.38068156e-05  6.64582479e-05 ... -2.99912338e-05
   1.33881901e-05  0.00000000e+00]
 [ 7.67226566e-06  2.31815981e-05 -6.50680920e-07 ... -4.05955870e-05
   6.36497333e-06  0.00000000e+00]
 ...
 [-1.29677887e-04 -2.13123241e-04 -1.86342312e-04 ...  9.32070221e-05
  -3.26887720e-05  0.00000000e+00]
 [-1.20828053e-04 -2.16321249e-04 -2.17140419e-04 ...  8.32965403e-05
   5.41439538e-06  0.00000000e+00]
 [-2.24536995e-04 -1.29151725e-04 -1.49958495e-04 ...  5.65675478e-05
   9.43132093e-05  0.00000000e+00]]
[[ 0.00000000e+00  0.00000000e+00  0.00000000e+00 ...  0.00000000e+00
   0.00000000e+00  0.00000000e+00]
 [-2.12286999e-05  3.67380038e-05  2.28197505e-05 ... -3.74459204e-05
   9.56836978e-05  0.00000000e+00]
 [ 2.93645932e-06  1.25379971e-05  2.49278919e-05 ... -4.35578468e-05
  -1.64891082e-05  0.00000000e+00]
 ...
 [-1.39500271e-04 -1.70382466e-04 -1.77765646e-04 ...  5.60239813e-05
   6.07968159e-06  0.00000000e+00]
 [-1.46516174e-04 -1.91968135e-04 -1.70782392e-04 ...  8.24741089e-05
   4.04750014e-05  0.00000000e+00]
 [-1.80290268e-04 -1.52403853e-04 -1.81077939e-04 ...  5.80723095e-05
   2.50865327e-05  0.00000000e+00]]
[[ 0.00000000e+00  0.00000000e+00  0.00000000e+00 ...  0.00000000e+00
   0.00000000e+00  0.00000000e+00]
 [ 4.88518053e-05 -2.35365498e-05 -3.53344348e-05 ... -1.37351589e-05
   6.88117505e-05  0.00000000e+00]
 [ 3.98681346e-07 -1.17736076e-06  3.78384444e-05 ... -3.70120518e-05
  -3.09856595e-05  0.00000000e+00]
 ...
 [-1.53234147e-04 -1.15842522e-04 -1.49575750e-04 ...  1.76733027e-05
   6.13486767e-05  0.00000000e+00]
 [-1.90256834e-04 -1.35668107e-04 -1.31689920e-04 ...  5.51817876e-05
   6.34706869e-05  0.00000000e+00]
 [-1.20628414e-04 -1.99687177e-04 -2.06718195e-04 ...  6.20503769e-05
  -3.83182156e-05  0.00000000e+00]]
[[ 0.00000000e+00  0.00000000e+00  0.00000000e+00 ...  0.00000000e+00
   0.00000000e+00  0.00000000e+00]
 [ 7.65089894e-05 -5.71895513e-05 -4.54363044e-05 ...  1.70512823e-05
  -3.80521519e-05  0.00000000e+00]
 [ 5.95365986e-06 -1.12697642e-06  2.41936042e-05 ... -2.54095104e-05
  -2.13605318e-05  0.00000000e+00]
 ...
 [-1.48533865e-04 -8.93176776e-05 -1.26703611e-04 ... -1.67999225e-06
   7.88850396e-05  0.00000000e+00]
 [-1.93687535e-04 -1.03069085e-04 -1.27050673e-04 ...  1.42785488e-05
   4.25487476e-05  0.00000000e+00]
 [-9.81383555e-05 -2.12958797e-04 -1.95391955e-04 ...  4.92485451e-05
  -4.16040363e-05  0.00000000e+00]]
[[ 0.00000000e+00  0.00000000e+00  0.00000000e+00 ...  0.00000000e+00
   0.00000000e+00  0.00000000e+00]
 [ 3.39754586e-05 -2.61665743e-05 -4.32224330e-07 ...  1.38892826e-05
  -1.07941215e-04  0.00000000e+00]
 [ 2.01120684e-05  1.12619404e-05 -1.63788362e-06 ... -1.16044644e-05
  -5.27022192e-06  0.00000000e+00]
 ...
 [-1.23392671e-04 -9.99895579e-05 -1.19802092e-04 ...  2.99011890e-06
   3.85416077e-05  0.00000000e+00]
 [-1.39287911e-04 -1.23154649e-04 -1.46406100e-04 ... -1.55953036e-05
  -8.03205128e-06  0.00000000e+00]
 [-1.28240702e-04 -1.65661168e-04 -1.52210699e-04 ...  1.37851840e-05
   9.26249341e-06  0.00000000e+00]]
[[ 0.00000000e+00  0.00000000e+00  0.00000000e+00 ...  0.00000000e+00
   0.00000000e+00  0.00000000e+00]
 [-3.55532926e-05  4.22242707e-05  4.84827126e-05 ... -2.49036660e-05
  -6.77342978e-05  0.00000000e+00]
 [ 3.27281574e-05  2.34769899e-05 -1.11346435e-05 ... -9.74097511e-06
  -4.47581238e-06  0.00000000e+00]
 ...
 [-9.22081751e-05 -1.26084296e-04 -1.13686011e-04 ...  1.42091120e-05
  -2.92806542e-05  0.00000000e+00]
 [-7.41193600e-05 -1.57921748e-04 -1.58938549e-04 ... -2.28928624e-05
  -4.25285995e-05  0.00000000e+00]
 [-1.70459968e-04 -9.50191757e-05 -1.08855966e-04 ... -2.90281040e-05
   5.46204363e-05  0.00000000e+00]]
[[ 0.00000000e+00  0.00000000e+00  0.00000000e+00 ...  0.00000000e+00
   0.00000000e+00  0.00000000e+00]
 [-5.96789673e-05  7.74924474e-05  5.11933420e-05 ... -5.46424508e-05
   3.28620475e-05  0.00000000e+00]
 [ 3.02550069e-05  2.94554841e-05  6.63074299e-06 ... -3.19832613e-05
  -1.71914144e-05  0.00000000e+00]
 ...
 [-7.09162671e-05 -1.32632220e-04 -9.62600015e-05 ...  4.86980215e-06
  -7.11468142e-05  0.00000000e+00]
 [-5.85087613e-05 -1.48307444e-04 -1.40150047e-04 ... -1.81547200e-05
  -3.38848183e-05  0.00000000e+00]
 [-1.69733884e-04 -6.24222219e-05 -9.22031943e-05 ... -5.59471573e-05
   4.11238760e-05  0.00000000e+00]]
[[ 0.00000000e+00  0.00000000e+00  0.00000000e+00 ...  0.00000000e+00
   0.00000000e+00  0.00000000e+00]
 [-1.21085530e-05  4.05106415e-05  1.02156879e-05 ... -3.99538835e-05
   8.26378790e-05  0.00000000e+00]
 [ 1.29768200e-05  3.05126215e-05  3.42495887e-05 ... -6.07821088e-05
  -2.69870702e-05  0.00000000e+00]
 ...
 [-6.49834042e-05 -9.85517044e-05 -7.89578871e-05 ... -3.53659907e-05
  -5.90631299e-05  0.00000000e+00]
 [-9.62559904e-05 -8.88140087e-05 -9.15098266e-05 ... -2.25963628e-05
  -3.40063335e-06  0.00000000e+00]
 [-1.14373603e-04 -8.55697322e-05 -1.01249545e-04 ... -5.77063718e-05
  -2.56735851e-05  0.00000000e+00]]
[[ 0.00000000e+00  0.00000000e+00  0.00000000e+00 ...  0.00000000e+00
   0.00000000e+00  0.00000000e+00]
 [ 5.79151414e-05 -2.98268669e-05 -2.81191243e-05 ...  1.36207863e-06
   3.30405931e-05  0.00000000e+00]
 [ 3.73647702e-07  2.52781423e-05  4.61393020e-05 ... -6.01624665e-05
  -2.54386303e-05  0.00000000e+00]
 ...
 [-6.57944461e-05 -3.99633566e-05 -7.40606748e-05 ... -8.59725811e-05
  -1.58031524e-05  0.00000000e+00]
 [-1.28853981e-04 -3.34783778e-05 -4.44530376e-05 ... -4.88131089e-05
   3.65091548e-06  0.00000000e+00]
 [-4.72829517e-05 -1.20649233e-04 -1.10304036e-04 ... -4.82620159e-05
  -8.84926087e-05  0.00000000e+00]]
[[ 0.00000000e+00  0.00000000e+00  0.00000000e+00 ...  0.00000000e+00
   0.00000000e+00  0.00000000e+00]
 [ 7.71391750e-05 -5.65689685e-05 -2.51272300e-05 ...  2.22584234e-05
  -5.56164238e-05  0.00000000e+00]
 [ 1.11614159e-05  1.23086885e-05  3.33491012e-05 ... -2.41175614e-05
  -1.62795788e-05  0.00000000e+00]
 ...
 [-5.78555833e-05 -1.04896077e-06 -6.86274809e-05 ... -1.13502464e-04
   8.06461613e-06  0.00000000e+00]
 [-1.01450429e-04 -2.81442710e-05 -3.54929454e-05 ... -8.91160759e-05
  -3.12256687e-05  0.00000000e+00]
 [-1.89266278e-05 -1.13008150e-04 -9.53184639e-05 ... -5.24198367e-05
  -9.60949509e-05  0.00000000e+00]]
[[ 0.00000000e+00  0.00000000e+00  0.00000000e+00 ...  0.00000000e+00
   0.00000000e+00  0.00000000e+00]
 [ 2.71569392e-05 -1.06619432e-05  1.32162849e-05 ...  2.28932396e-06
  -8.71623057e-05  0.00000000e+00]
 [ 3.82135009e-05  1.94380397e-06  8.95455404e-06 ...  8.12502756e-06
  -6.28443647e-06  0.00000000e+00]
 ...
 [-3.32744362e-05 -8.13609834e-06 -4.31819613e-05 ... -1.06497357e-04
  -1.62865558e-05  0.00000000e+00]
 [-2.41906766e-05 -5.74160145e-05 -6.43615549e-05 ... -1.21300322e-04
  -7.91631868e-05  0.00000000e+00]
 [-3.47216348e-05 -5.62082953e-05 -5.91399233e-05 ... -8.28521457e-05
  -5.25374562e-05  0.00000000e+00]]
[[ 0.00000000e+00  0.00000000e+00  0.00000000e+00 ...  0.00000000e+00
   0.00000000e+00  0.00000000e+00]
 [-3.63051116e-05  5.64862823e-05  4.67874873e-05 ... -3.37904757e-05
  -3.25446601e-05  0.00000000e+00]
 [ 5.20711630e-05  1.06474021e-05 -4.52743938e-06 ...  6.77168824e-08
  -1.57423952e-06  0.00000000e+00]
 ...
 [ 2.50748245e-07 -3.64166067e-05 -7.29406574e-06 ... -8.85487004e-05
  -6.93202843e-05  0.00000000e+00]
 [ 3.98590623e-05 -6.74958998e-05 -8.50266388e-05 ... -1.29173851e-04
  -9.54686017e-05  0.00000000e+00]
 [-5.32555673e-05  4.92838747e-06 -2.79431094e-05 ... -1.27242279e-04
  -1.00807025e-05  0.00000000e+00]]
[[ 0.00000000e+00  0.00000000e+00  0.00000000e+00 ...  0.00000000e+00
   0.00000000e+00  0.00000000e+00]
 [-4.53989674e-05  7.24306699e-05  4.31432882e-05 ... -4.72544435e-05
   4.57764669e-05  0.00000000e+00]
 [ 3.43486142e-05  3.69175711e-05  7.11843064e-06 ... -3.54124052e-05
  -6.43850969e-06  0.00000000e+00]
 ...
 [ 2.79926252e-05 -3.63665154e-05  9.29997665e-06 ... -9.29140854e-05
  -1.05176712e-04  0.00000000e+00]
 [ 4.38893248e-05 -2.92438342e-05 -5.48536888e-05 ... -1.19637784e-04
  -6.84491242e-05  0.00000000e+00]
 [-3.39648538e-05  2.51951355e-05 -1.98215010e-05 ... -1.58330556e-04
  -1.57411420e-05  0.00000000e+00]]
[[ 0.00000000e+00  0.00000000e+00  0.00000000e+00 ...  0.00000000e+00
   0.00000000e+00  0.00000000e+00]
 [ 6.25122343e-06  2.46098607e-05  8.74131762e-06 ... -2.41022715e-05
   6.48978886e-05  0.00000000e+00]
 [ 2.08725735e-06  5.42394094e-05  3.66650555e-05 ... -5.50510417e-05
  -1.69527874e-05  0.00000000e+00]
 ...
 [ 4.33544905e-05  8.39836233e-06  1.50862684e-06 ... -1.26996468e-04
  -9.75233811e-05  0.00000000e+00]
 [ 6.19857793e-06  3.27181296e-05  1.19772669e-05 ... -1.16762731e-04
  -3.31194321e-05  0.00000000e+00]
 [ 1.95794018e-05  5.80798468e-06 -2.21352095e-05 ... -1.59435497e-04
  -6.62906449e-05  0.00000000e+00]]
[[ 0.00000000e+00  0.00000000e+00  0.00000000e+00 ...  0.00000000e+00
   0.00000000e+00  0.00000000e+00]
 [ 5.98872762e-05 -3.05128217e-05 -1.92734286e-05 ...  1.41150620e-05
   8.85765702e-06  0.00000000e+00]
 [-8.95134938e-06  3.98990279e-05  5.73574377e-05 ... -3.90148389e-05
  -2.10113668e-05  0.00000000e+00]
 ...
 [ 5.12682893e-05  6.47623542e-05  6.56457647e-08 ... -1.66452604e-04
  -6.25141915e-05  0.00000000e+00]
 [-1.22280969e-05  7.00575118e-05  5.93343422e-05 ... -1.36365952e-04
  -3.48144971e-05  0.00000000e+00]
 [ 6.63355971e-05 -1.03945742e-05 -7.55268536e-06 ... -1.41701739e-04
  -1.15260896e-04  0.00000000e+00]]
[[ 0.00000000e+00  0.00000000e+00  0.00000000e+00 ...  0.00000000e+00
   0.00000000e+00  0.00000000e+00]
 [ 5.87418290e-05 -3.49944634e-05 -1.21987869e-05 ...  2.99890359e-05
  -5.77643078e-05  0.00000000e+00]
 [ 1.52224965e-05  6.14742350e-06  4.60728448e-05 ... -6.63649279e-06
  -1.29477766e-05  0.00000000e+00]
 ...
 [ 5.89809507e-05  9.24727246e-05  2.92510500e-05 ... -1.82911491e-04
  -3.97323670e-05  0.00000000e+00]
 [ 2.54316505e-05  6.27078885e-05  5.74992259e-05 ... -1.68933274e-04
  -8.02303250e-05  0.00000000e+00]
 [ 7.42683260e-05  1.34089034e-05  3.03763920e-05 ... -1.34332243e-04
  -1.21914535e-04  0.00000000e+00]]
[[ 0.00000000e+00  0.00000000e+00  0.00000000e+00 ...  0.00000000e+00
   0.00000000e+00  0.00000000e+00]
 [ 8.59701838e-06  8.69097462e-06  1.98986520e-05 ...  5.24070048e-06
  -6.23616500e-05  0.00000000e+00]
 [ 4.98393951e-05 -9.86403166e-06  1.04172575e-05 ...  1.37549629e-05
  -2.65702007e-06  0.00000000e+00]
 ...
 [ 6.97748844e-05  8.64992341e-05  7.35452368e-05 ... -1.72376551e-04
  -5.41227943e-05  0.00000000e+00]
 [ 9.30069513e-05  3.98535029e-05  3.56503676e-05 ... -1.90902617e-04
  -1.28060872e-04  0.00000000e+00]
 [ 5.47770305e-05  6.89938551e-05  6.85778902e-05 ... -1.55361004e-04
  -9.07729139e-05  0.00000000e+00]]
[[ 0.00000000e+00  0.00000000e+00  0.00000000e+00 ...  0.00000000e+00
   0.00000000e+00  0.00000000e+00]
 [-3.33629636e-05  4.83433477e-05  3.99659283e-05 ... -3.61111242e-05
  -3.95142209e-06  0.00000000e+00]
 [ 5.81028614e-05  1.10730648e-05 -1.37491504e-05 ...  1.05084364e-05
  -1.26037756e-06  0.00000000e+00]
 ...
 [ 8.53761980e-05  7.19382334e-05  1.00171612e-04 ... -1.55766941e-04
  -9.50801497e-05  0.00000000e+00]
 [ 1.31928393e-04  4.81832164e-05  3.91802460e-05 ... -1.90488476e-04
  -1.31780128e-04  0.00000000e+00]
 [ 4.83974213e-05  1.13635521e-04  8.37711759e-05 ... -1.92642560e-04
  -6.24070768e-05  0.00000000e+00]]
[[ 0.00000000e+00  0.00000000e+00  0.00000000e+00 ...  0.00000000e+00
   0.00000000e+00  0.00000000e+00]
 [-2.36891706e-05  4.40713805e-05  2.62384247e-05 ... -4.64857778e-05
   4.90673525e-05  0.00000000e+00]
 [ 3.13347969e-05  4.66927845e-05 -5.41715476e-08 ... -1.13944231e-05
  -4.17176449e-06  0.00000000e+00]
 ...
 [ 1.06491014e-04  7.28253771e-05  1.00385629e-04 ... -1.55988472e-04
  -1.28100174e-04  0.00000000e+00]
 [ 1.17392749e-04  9.75003120e-05  7.49840365e-05 ... -1.77821329e-04
  -9.07131819e-05  0.00000000e+00]
 [ 7.92100801e-05  1.18138500e-04  8.02802501e-05 ... -2.15925178e-04
  -6.83416040e-05  0.00000000e+00]]
[[ 0.00000000e+00  0.00000000e+00  0.00000000e+00 ...  0.00000000e+00
   0.00000000e+00  0.00000000e+00]
 [ 2.26030447e-05  8.03854242e-06 -3.35648207e-06 ... -8.25643516e-06
   4.03543890e-05  0.00000000e+00]
 [-1.99143246e-06  5.76743503e-05  3.68986103e-05 ... -3.43498750e-05
  -7.43740950e-07  0.00000000e+00]
 ...
 [ 1.27720814e-04  9.61640220e-05  9.27606280e-05 ... -1.76557381e-04
  -1.25953547e-04  0.00000000e+00]
 [ 8.56128947e-05  1.45152261e-04  1.14073369e-04 ... -1.70869518e-04
  -5.24988307e-05  0.00000000e+00]
 [ 1.29300511e-04  9.82852642e-05  8.16338829e-05 ... -2.07701859e-04
  -9.96795183e-05  0.00000000e+00]]
[[ 0.00000000e+00  0.00000000e+00  0.00000000e+00 ...  0.00000000e+00
   0.00000000e+00  0.00000000e+00]
 [ 5.34547540e-05 -1.68026098e-05 -1.37495398e-05 ...  3.85017866e-05
  -1.09630075e-05  0.00000000e+00]
 [-7.26420567e-06  3.11104162e-05  5.70398478e-05 ... -3.26238067e-05
   4.85358908e-06  0.00000000e+00]
 ...
 [ 1.39126228e-04  1.33330106e-04  9.57052997e-05 ... -1.99839645e-04
  -9.25947388e-05  0.00000000e+00]
 [ 9.01667659e-05  1.46185837e-04  1.33425884e-04 ... -1.77136449e-04
  -6.09112947e-05  0.00000000e+00]
 [ 1.60715226e-04  9.37397440e-05  1.01293458e-04 ... -1.80125475e-04
  -1.21307966e-04  0.00000000e+00]]
