[[ 0.00000000e+00  6.78318278e-05  8.83412459e-05 ...  1.31163263e-04
   1.64332308e-04  1.26615883e-04]
 [ 0.00000000e+00  3.02034018e-05  6.74520253e-05 ...  1.28423701e-04
   1.21441749e-04  1.60428361e-04]
 [ 0.00000000e+00  3.22058899e-05  1.02485898e-04 ...  1.39763168e-04
   1.13909987e-04  1.29949553e-04]
 ...
 [ 0.00000000e+00  1.46203364e-05 -2.83036762e-05 ... -6.94692683e-05
  -5.84956655e-05 -1.10199181e-04]
 [ 0.00000000e+00  1.04492485e-05  1.72730114e-05 ... -6.26374372e-05
  -3.06131549e-05 -3.36195242e-05]
 [ 0.00000000e+00  0.00000000e+00  0.00000000e+00 ...  0.00000000e+00
   0.00000000e+00  0.00000000e+00]]
[[ 0.00000000e+00  2.88431438e-05  7.98918053e-05 ...  1.80322646e-04
   1.69836327e-04  1.52800766e-04]
 [ 0.00000000e+00  9.49844411e-05  9.11962348e-05 ...  1.19764872e-04
   1.84357634e-04  1.99209185e-04]
 [ 0.00000000e+00  1.52834266e-05  8.16197298e-05 ...  1.78505642e-04
   1.46289770e-04  1.46237041e-04]
 ...
 [ 0.00000000e+00  5.19411204e-05  1.29378131e-05 ... -4.22304348e-05
  -4.57334150e-05 -1.18796399e-04]
 [ 0.00000000e+00 -4.60042463e-05 -1.35116747e-06 ... -8.21008003e-05
  -5.06375104e-05 -5.90816597e-06]
 [ 0.00000000e+00  0.00000000e+00  0.00000000e+00 ...  0.00000000e+00
   0.00000000e+00  0.00000000e+00]]
[[ 0.00000000e+00  1.19411635e-05  7.66973743e-05 ...  2.10812832e-04
   1.77333362e-04  1.94846644e-04]
 [ 0.00000000e+00  9.86117405e-05  1.14270809e-04 ...  1.52493895e-04
   2.21690923e-04  2.09431980e-04]
 [ 0.00000000e+00  2.42948228e-05  6.10971922e-05 ...  1.92139634e-04
   1.89035983e-04  1.76959285e-04]
 ...
 [ 0.00000000e+00  3.39721232e-05  5.14827176e-05 ... -4.73821158e-05
  -6.47050156e-05 -8.53033756e-05]
 [ 0.00000000e+00 -4.38060065e-05 -1.97776586e-05 ... -5.43354343e-05
  -5.34599509e-05 -1.61241605e-05]
 [ 0.00000000e+00  0.00000000e+00  0.00000000e+00 ...  0.00000000e+00
   0.00000000e+00  0.00000000e+00]]
[[ 0.00000000e+00  2.99105893e-05  8.17665232e-05 ...  2.19062922e-04
   2.08667976e-04  2.36160536e-04]
 [ 0.00000000e+00  4.12539983e-05  1.08102204e-04 ...  2.17530881e-04
   2.19407095e-04  2.10955004e-04]
 [ 0.00000000e+00  5.00613813e-05  6.17609405e-05 ...  1.92286087e-04
   2.26908778e-04  2.18768453e-04]
 ...
 [ 0.00000000e+00 -1.38215702e-05  4.72330126e-05 ... -7.27107026e-05
  -8.89063435e-05 -3.85181363e-05]
 [ 0.00000000e+00  5.74685591e-06 -1.26476901e-05 ... -6.13792221e-06
  -3.66135930e-05 -4.89378662e-05]
 [ 0.00000000e+00  0.00000000e+00  0.00000000e+00 ...  0.00000000e+00
   0.00000000e+00  0.00000000e+00]]
[[ 0.00000000e+00  5.62022035e-05  9.02024459e-05 ...  2.22263472e-04
   2.52159246e-04  2.64299904e-04]
 [ 0.00000000e+00 -1.03391987e-05  7.13677351e-05 ...  2.71664181e-04
   2.13731831e-04  2.22845795e-04]
 [ 0.00000000e+00  6.55229059e-05  8.16239140e-05 ...  2.01580146e-04
   2.47894872e-04  2.55303130e-04]
 ...
 [ 0.00000000e+00 -3.49950630e-05  3.82941477e-06 ... -8.43107523e-05
  -8.61756055e-05 -2.04601811e-05]
 [ 0.00000000e+00  4.29355474e-05  1.90275998e-05 ...  1.57482746e-05
  -1.91491752e-05 -6.38311046e-05]
 [ 0.00000000e+00  0.00000000e+00  0.00000000e+00 ...  0.00000000e+00
   0.00000000e+00  0.00000000e+00]]
[[ 0.00000000e+00  6.03079769e-05  9.02190635e-05 ...  2.39658363e-04
   2.81604883e-04  2.79040581e-04]
 [ 0.00000000e+00 -3.31998584e-06  3.79184419e-05 ...  2.82634614e-04
   2.42965760e-04  2.50935957e-04]
 [ 0.00000000e+00  5.35891137e-05  9.68639668e-05 ...  2.32166730e-04
   2.53174543e-04  2.73589419e-04]
 ...
 [ 0.00000000e+00 -8.28429384e-06 -3.07830778e-05 ... -6.25929400e-05
  -5.28119191e-05 -4.18886013e-05]
 [ 0.00000000e+00  3.31968257e-05  4.22592803e-05 ... -6.38206336e-06
  -1.61001910e-05 -4.07533536e-05]
 [ 0.00000000e+00  0.00000000e+00  0.00000000e+00 ...  0.00000000e+00
   0.00000000e+00  0.00000000e+00]]
[[ 0.00000000e+00  4.09075370e-05  7.47765094e-05 ...  2.72498582e-04
   2.90263034e-04  2.87396177e-04]
 [ 0.00000000e+00  4.49730959e-05  4.28749046e-05 ...  2.62204110e-04
   2.96321428e-04  2.89723090e-04]
 [ 0.00000000e+00  2.52325457e-05  8.72237207e-05 ...  2.73803321e-04
   2.57421198e-04  2.76272701e-04]
 ...
 [ 0.00000000e+00  3.24229927e-05 -1.43965382e-05 ... -2.22030437e-05
  -1.62346112e-05 -7.09171817e-05]
 [ 0.00000000e+00 -1.24497511e-06  2.79137776e-05 ... -4.41553976e-05
  -2.19378499e-05 -1.60778546e-06]
 [ 0.00000000e+00  0.00000000e+00  0.00000000e+00 ...  0.00000000e+00
   0.00000000e+00  0.00000000e+00]]
[[ 0.00000000e+00  2.07638457e-05  5.27304589e-05 ...  3.04044154e-04
   2.95277956e-04  2.97050216e-04]
 [ 0.00000000e+00  7.55468286e-05  8.07259559e-05 ...  2.52079483e-04
   3.28258526e-04  3.26215483e-04]
 [ 0.00000000e+00  7.89293133e-06  5.87071010e-05 ...  3.03137510e-04
   2.76167789e-04  2.78786365e-04]
 ...
 [ 0.00000000e+00  4.31303060e-05  4.03544023e-05 ...  4.32869192e-06
  -4.19043617e-06 -6.69992045e-05]
 [ 0.00000000e+00 -1.93576082e-05 -1.08536599e-05 ... -5.39349333e-05
  -2.13371074e-05  1.55298639e-05]
 [ 0.00000000e+00  0.00000000e+00  0.00000000e+00 ...  0.00000000e+00
   0.00000000e+00  0.00000000e+00]]
[[ 0.00000000e+00  1.71165920e-05  4.32247883e-05 ...  3.18631095e-04
   3.11172635e-04  3.13552506e-04]
 [ 0.00000000e+00  5.79194159e-05  1.06365685e-04 ...  2.78025750e-04
   3.19372276e-04  3.44070040e-04]
 [ 0.00000000e+00  1.66166388e-05  3.81576934e-05 ...  3.06984789e-04
   3.08833529e-04  2.95372887e-04]
 ...
 [ 0.00000000e+00  1.98680485e-05  7.57045110e-05 ...  9.60993118e-07
  -1.54087129e-05 -2.36534161e-05]
 [ 0.00000000e+00 -1.00434716e-05 -2.82969418e-05 ... -2.16210453e-05
  -1.00481339e-05 -1.06396265e-06]
 [ 0.00000000e+00  0.00000000e+00  0.00000000e+00 ...  0.00000000e+00
   0.00000000e+00  0.00000000e+00]]
[[ 0.00000000e+00  2.59179454e-05  5.48130848e-05 ...  3.17580651e-04
   3.31576807e-04  3.37089212e-04]
 [ 0.00000000e+00  1.73973162e-05  8.43783945e-05 ...  3.23362705e-04
   3.01639238e-04  3.35946484e-04]
 [ 0.00000000e+00  3.92275726e-05  4.44927733e-05 ...  2.96414742e-04
   3.36602957e-04  3.26033262e-04]
 ...
 [ 0.00000000e+00 -5.11139761e-06  5.27131726e-05 ... -1.56698872e-05
  -2.35411796e-05  2.56707393e-05]
 [ 0.00000000e+00  7.20691332e-06  3.50178297e-07 ...  2.45208998e-05
   1.76554326e-06 -2.52852047e-05]
 [ 0.00000000e+00  0.00000000e+00  0.00000000e+00 ...  0.00000000e+00
   0.00000000e+00  0.00000000e+00]]
[[ 0.00000000e+00  3.33334399e-05  7.25968213e-05 ...  3.14887895e-04
   3.42375649e-04  3.58962135e-04]
 [ 0.00000000e+00 -3.14112157e-06  3.22090128e-05 ...  3.50802247e-04
   3.14139201e-04  3.17053494e-04]
 [ 0.00000000e+00  5.06402631e-05  6.75066566e-05 ...  2.95194560e-04
   3.42440111e-04  3.55062897e-04]
 ...
 [ 0.00000000e+00 -6.98749088e-06 -1.82190985e-06 ... -1.45011737e-05
  -7.52384223e-06  4.37730407e-05]
 [ 0.00000000e+00  1.60600801e-05  4.50887845e-05 ...  4.41099066e-05
   5.73730606e-06 -2.36834726e-05]
 [ 0.00000000e+00  0.00000000e+00  0.00000000e+00 ...  0.00000000e+00
   0.00000000e+00  0.00000000e+00]]
[[ 0.00000000e+00  3.31127795e-05  7.21086062e-05 ...  3.20508442e-04
   3.43390062e-04  3.66211276e-04]
 [ 0.00000000e+00  8.50724119e-06  3.79518462e-06 ...  3.44764530e-04
   3.50667838e-04  3.17411442e-04]
 [ 0.00000000e+00  3.91568594e-05  7.81598270e-05 ...  3.14235018e-04
   3.32012410e-04  3.64149666e-04]
 ...
 [ 0.00000000e+00  7.99446254e-06 -2.40590946e-05 ...  1.71019193e-05
   2.71609818e-05  2.82703789e-05]
 [ 0.00000000e+00  1.83784901e-05  5.38298695e-05 ...  2.55237892e-05
   7.19741073e-06  8.05845064e-06]
 [ 0.00000000e+00  0.00000000e+00  0.00000000e+00 ...  0.00000000e+00
   0.00000000e+00  0.00000000e+00]]
[[ 0.00000000e+00  2.82114963e-05  4.75348732e-05 ...  3.31997976e-04
   3.46208817e-04  3.55555155e-04]
 [ 0.00000000e+00  3.06645686e-05  2.82607796e-05 ...  3.24211816e-04
   3.70923248e-04  3.49968003e-04]
 [ 0.00000000e+00  1.63271634e-05  6.03252576e-05 ...  3.40963310e-04
   3.27923910e-04  3.50915729e-04]
 ...
 [ 0.00000000e+00  2.14820130e-05  1.24079972e-05 ...  6.05356240e-05
   5.81958657e-05  1.21857096e-05]
 [ 0.00000000e+00  1.77744931e-05  1.59605530e-05 ... -3.77490632e-06
   1.66459101e-05  4.26234833e-05]
 [ 0.00000000e+00  0.00000000e+00  0.00000000e+00 ...  0.00000000e+00
   0.00000000e+00  0.00000000e+00]]
[[ 0.00000000e+00  2.17014513e-05  2.10068258e-05 ...  3.41282318e-04
   3.53990054e-04  3.41165661e-04]
 [ 0.00000000e+00  4.03571872e-05  7.46664022e-05 ...  3.15849698e-04
   3.57333547e-04  3.89397095e-04]
 [ 0.00000000e+00  2.67048333e-06  2.93006655e-05 ...  3.54857846e-04
   3.42100833e-04  3.34630166e-04]
 ...
 [ 0.00000000e+00  2.75328089e-05  6.54908205e-05 ...  8.62788752e-05
   7.21515593e-05  2.81769917e-05]
 [ 0.00000000e+00  8.75664446e-06 -2.28906157e-05 ... -6.27608890e-06
   3.37096100e-05  5.24288084e-05]
 [ 0.00000000e+00  0.00000000e+00  0.00000000e+00 ...  0.00000000e+00
   0.00000000e+00  0.00000000e+00]]
[[ 0.00000000e+00  1.42563212e-05  1.88470938e-05 ...  3.43976821e-04
   3.56224132e-04  3.42040124e-04]
 [ 0.00000000e+00  3.44522028e-05  8.66132890e-05 ...  3.25583542e-04
   3.36744719e-04  3.95060709e-04]
 [ 0.00000000e+00  7.53926528e-06  1.54458240e-05 ...  3.49073946e-04
   3.61716470e-04  3.38725012e-04]
 ...
 [ 0.00000000e+00  2.87144004e-05  7.58305882e-05 ...  8.51783461e-05
   7.59499529e-05  7.54795237e-05]
 [ 0.00000000e+00 -7.85730033e-06 -1.63279740e-05 ...  2.77477112e-05
   4.66397697e-05  3.83841776e-05]
 [ 0.00000000e+00  0.00000000e+00  0.00000000e+00 ...  0.00000000e+00
   0.00000000e+00  0.00000000e+00]]
[[ 0.00000000e+00  9.44377430e-06  4.06471460e-05 ...  3.40150710e-04
   3.46980527e-04  3.59715736e-04]
 [ 0.00000000e+00  2.11972345e-05  4.75121376e-05 ...  3.40321403e-04
   3.39057385e-04  3.58806255e-04]
 [ 0.00000000e+00  2.32191724e-05  3.00683548e-05 ...  3.33857283e-04
   3.67096561e-04  3.64713410e-04]
 ...
 [ 0.00000000e+00  2.15088894e-05  3.67845249e-05 ...  7.70912215e-05
   8.47522683e-05  1.22747704e-04]
 [ 0.00000000e+00 -1.35173382e-05  2.62001499e-05 ...  7.15771938e-05
   4.84506201e-05  2.60812370e-05]
 [ 0.00000000e+00  0.00000000e+00  0.00000000e+00 ...  0.00000000e+00
   0.00000000e+00  0.00000000e+00]]
[[ 0.00000000e+00  1.30094918e-05  5.84398671e-05 ...  3.31135515e-04
   3.37232484e-04  3.73980175e-04]
 [ 0.00000000e+00  6.78880270e-06 -1.02494620e-06 ...  3.47749889e-04
   3.55613853e-04  3.19318743e-04]
 [ 0.00000000e+00  3.43280360e-05  5.21027326e-05 ...  3.22881309e-04
   3.56323290e-04  3.87167772e-04]
 ...
 [ 0.00000000e+00  3.35139169e-06 -2.78567136e-06 ...  8.81893169e-05
   1.04500375e-04  1.40887872e-04]
 [ 0.00000000e+00  6.26722196e-06  5.33810386e-05 ...  8.99428585e-05
   4.74135252e-05  3.70169495e-05]
 [ 0.00000000e+00  0.00000000e+00  0.00000000e+00 ...  0.00000000e+00
   0.00000000e+00  0.00000000e+00]]
[[ 0.00000000e+00  2.31252579e-05  4.85056212e-05 ...  3.20493505e-04
   3.39742464e-04  3.65392333e-04]
 [ 0.00000000e+00 -2.83028635e-06 -9.27749496e-06 ...  3.44446023e-04
   3.56712569e-04  3.19532623e-04]
 [ 0.00000000e+00  3.00915417e-05  5.14960880e-05 ...  3.21485142e-04
   3.43349421e-04  3.79665545e-04]
 ...
 [ 0.00000000e+00 -1.05245901e-05 -1.08900531e-06 ...  1.22307394e-04
   1.28727999e-04  1.30823896e-04]
 [ 0.00000000e+00  3.39676677e-05  3.65733581e-05 ...  7.41486301e-05
   5.68279507e-05  6.72652992e-05]
 [ 0.00000000e+00  0.00000000e+00  0.00000000e+00 ...  0.00000000e+00
   0.00000000e+00  0.00000000e+00]]
[[0.00000000e+00 2.73159143e-05 1.83741052e-05 ... 3.15131172e-04
  3.48095198e-04 3.38927096e-04]
 [0.00000000e+00 1.36573711e-06 2.31535465e-05 ... 3.30230021e-04
  3.37866349e-04 3.55539648e-04]
 [0.00000000e+00 1.09828359e-05 2.26794347e-05 ... 3.25750498e-04
  3.35888112e-04 3.44378896e-04]
 ...
 [0.00000000e+00 1.68705160e-06 3.11792077e-05 ... 1.57336551e-04
  1.48458353e-04 1.19686287e-04]
 [0.00000000e+00 3.42126378e-05 9.39085208e-07 ... 4.91210848e-05
  7.69499077e-05 9.39776361e-05]
 [0.00000000e+00 0.00000000e+00 0.00000000e+00 ... 0.00000000e+00
  0.00000000e+00 0.00000000e+00]]
[[ 0.00000000e+00  1.59545955e-05 -3.22518423e-06 ...  3.18672161e-04
   3.43357688e-04  3.18907023e-04]
 [ 0.00000000e+00  1.95590976e-05  5.05319925e-05 ...  3.07862586e-04
   3.23592024e-04  3.80185022e-04]
 [ 0.00000000e+00 -1.10973932e-05 -1.04716676e-05 ...  3.26112369e-04
   3.27014562e-04  3.10027561e-04]
 ...
 [ 0.00000000e+00  3.41812256e-05  5.37001110e-05 ...  1.69232380e-04
   1.60304402e-04  1.32017795e-04]
 [ 0.00000000e+00  9.01504234e-07 -1.21469296e-05 ...  4.66812878e-05
   9.30112254e-05  9.93657947e-05]
 [ 0.00000000e+00  0.00000000e+00  0.00000000e+00 ...  0.00000000e+00
   0.00000000e+00  0.00000000e+00]]
[[ 0.00000000e+00 -3.28919156e-06 -6.27547713e-07 ...  3.23361137e-04
   3.21394714e-04  3.20319115e-04]
 [ 0.00000000e+00  3.20406592e-05  3.64935014e-05 ...  2.88859013e-04
   3.25330640e-04  3.57823282e-04]
 [ 0.00000000e+00 -1.99775695e-05 -2.27596995e-05 ...  3.11738718e-04
   3.09894630e-04  2.99142889e-04]
 ...
 [ 0.00000000e+00  4.89811105e-05  4.66965549e-05 ...  1.56420377e-04
   1.65293506e-04  1.65545929e-04]
 [ 0.00000000e+00 -2.78025595e-05  4.21741856e-06 ...  7.32698332e-05
   9.26491888e-05  8.64868623e-05]
 [ 0.00000000e+00  0.00000000e+00  0.00000000e+00 ...  0.00000000e+00
   0.00000000e+00  0.00000000e+00]]
[[ 0.00000000e+00 -1.22128071e-05  1.17891465e-05 ...  3.15232387e-04
   3.00638428e-04  3.31376149e-04]
 [ 0.00000000e+00  1.57882467e-05 -7.83587609e-06 ...  2.86091086e-04
   3.21231525e-04  3.03292242e-04]
 [ 0.00000000e+00 -9.38289948e-06 -1.48359952e-05 ...  2.78957944e-04
   2.88726412e-04  3.02887951e-04]
 ...
 [ 0.00000000e+00  2.10294427e-05  2.31052015e-05 ...  1.38966624e-04
   1.64443593e-04  1.93973196e-04]
 [ 0.00000000e+00 -1.54044315e-05  2.31596078e-05 ...  1.04430142e-04
   8.09005139e-05  7.32915626e-05]
 [ 0.00000000e+00  0.00000000e+00  0.00000000e+00 ...  0.00000000e+00
   0.00000000e+00  0.00000000e+00]]
[[ 0.00000000e+00 -5.08246900e-06  8.33128236e-06 ...  2.90806972e-04
   2.96363336e-04  3.27727776e-04]
 [ 0.00000000e+00 -2.36103082e-05 -4.43430912e-05 ...  2.93827091e-04
   2.90587927e-04  2.60165926e-04]
 [ 0.00000000e+00  6.90457852e-06 -9.27575224e-06 ...  2.38848742e-04
   2.68090525e-04  2.92376492e-04]
 ...
 [ 0.00000000e+00 -2.31647409e-05  1.81458700e-06 ...  1.35653279e-04
   1.58270995e-04  1.92361157e-04]
 [ 0.00000000e+00  2.34453907e-05  2.40516116e-05 ...  1.10140048e-04
   7.37926495e-05  7.38460185e-05]
 [ 0.00000000e+00  0.00000000e+00  0.00000000e+00 ...  0.00000000e+00
   0.00000000e+00  0.00000000e+00]]
[[ 0.00000000e+00  2.03996437e-06 -1.89053033e-05 ...  2.63482285e-04
   2.97096411e-04  2.99347830e-04]
 [ 0.00000000e+00 -5.00288003e-05 -5.35091650e-05 ...  2.85773732e-04
   2.48968122e-04  2.49588215e-04]
 [ 0.00000000e+00  4.63873569e-06 -2.42012444e-05 ...  2.10133755e-04
   2.40933166e-04  2.51341468e-04]
 ...
 [ 0.00000000e+00 -3.28674784e-05 -1.03123877e-05 ...  1.44651787e-04
   1.48613659e-04  1.60245787e-04]
 [ 0.00000000e+00  3.90715399e-05  1.20907764e-05 ...  8.44232294e-05
   7.84564012e-05  8.55544121e-05]
 [ 0.00000000e+00  0.00000000e+00  0.00000000e+00 ...  0.00000000e+00
   0.00000000e+00  0.00000000e+00]]
[[ 0.00000000e+00 -9.60110145e-06 -5.48272133e-05 ...  2.47484131e-04
   2.77956737e-04  2.57965126e-04]
 [ 0.00000000e+00 -3.81261083e-05 -4.86975588e-05 ...  2.44598727e-04
   2.26728075e-04  2.51733697e-04]
 [ 0.00000000e+00 -2.47762666e-05 -5.64071863e-05 ...  1.98388916e-04
   1.98937268e-04  1.92005981e-04]
 ...
 [ 0.00000000e+00  2.10051274e-06 -1.10633537e-05 ...  1.46975445e-04
   1.37474720e-04  1.21074544e-04]
 [ 0.00000000e+00  1.04319737e-05 -4.48494644e-07 ...  4.98731767e-05
   8.43115768e-05  9.27725437e-05]
 [ 0.00000000e+00  0.00000000e+00  0.00000000e+00 ...  0.00000000e+00
   0.00000000e+00  0.00000000e+00]]
[[ 0.00000000e+00 -3.72796716e-05 -8.12756627e-05 ...  2.38201041e-04
   2.33393843e-04  2.20022467e-04]
 [ 0.00000000e+00 -8.86603973e-06 -5.21443036e-05 ...  1.87769055e-04
   2.21066561e-04  2.34253702e-04]
 [ 0.00000000e+00 -6.02882681e-05 -8.85846656e-05 ...  1.86259003e-04
   1.50680202e-04  1.39745808e-04]
 ...
 [ 0.00000000e+00  3.56105218e-05  7.39109861e-07 ...  1.26926567e-04
   1.23552213e-04  9.92577938e-05]
 [ 0.00000000e+00 -2.82265616e-05 -1.18937407e-05 ...  3.38876521e-05
   7.58852858e-05  8.17577977e-05]
 [ 0.00000000e+00  0.00000000e+00  0.00000000e+00 ...  0.00000000e+00
   0.00000000e+00  0.00000000e+00]]
[[ 0.00000000e+00 -5.95339136e-05 -9.46330500e-05 ...  2.15836196e-04
   1.83608084e-04  1.88980461e-04]
 [ 0.00000000e+00 -8.16799221e-06 -7.16281852e-05 ...  1.49833808e-04
   1.95862686e-04  1.86292140e-04]
 [ 0.00000000e+00 -7.12097698e-05 -1.06407938e-04 ...  1.52126798e-04
   1.15463634e-04  1.08002999e-04]
 ...
 [ 0.00000000e+00  2.32071692e-05  1.30139258e-05 ...  8.78320395e-05
   1.02326594e-04  9.70278059e-05]
 [ 0.00000000e+00 -3.27293401e-05 -2.18292377e-05 ...  4.14700836e-05
   5.13731246e-05  5.32104734e-05]
 [ 0.00000000e+00  0.00000000e+00  0.00000000e+00 ...  0.00000000e+00
   0.00000000e+00  0.00000000e+00]]
[[ 0.00000000e+00 -6.28379810e-05 -1.03432207e-04 ...  1.69370764e-04
   1.46286098e-04  1.55923281e-04]
 [ 0.00000000e+00 -4.98949196e-05 -1.01773343e-04 ...  1.38693302e-04
   1.33595542e-04  1.21823009e-04]
 [ 0.00000000e+00 -5.24806008e-05 -1.07593002e-04 ...  9.75769068e-05
   9.65876987e-05  8.95872059e-05]
 ...
 [ 0.00000000e+00 -2.18468335e-05  2.55789776e-06 ...  4.83353465e-05
   7.15541090e-05  9.33383482e-05]
 [ 0.00000000e+00 -4.15829556e-06 -2.06389046e-05 ...  5.18417937e-05
   2.47396266e-05  2.18555266e-05]
 [ 0.00000000e+00  0.00000000e+00  0.00000000e+00 ...  0.00000000e+00
   0.00000000e+00  0.00000000e+00]]
[[ 0.00000000e+00 -5.73453443e-05 -1.15987271e-04 ...  1.09948832e-04
   1.13971935e-04  1.11931737e-04]
 [ 0.00000000e+00 -9.59999087e-05 -1.33955590e-04 ...  1.24071464e-04
   6.35803824e-05  6.07631282e-05]
 [ 0.00000000e+00 -3.23273314e-05 -1.01058898e-04 ...  4.79023156e-05
   7.34585069e-05  6.70863941e-05]
 ...
 [ 0.00000000e+00 -4.78519026e-05 -3.41997254e-05 ...  2.43702655e-05
   3.61226260e-05  6.59509400e-05]
 [ 0.00000000e+00  1.79496100e-05 -4.36096468e-06 ...  4.12735885e-05
   9.67935937e-06  3.62842863e-06]
 [ 0.00000000e+00  0.00000000e+00  0.00000000e+00 ...  0.00000000e+00
   0.00000000e+00  0.00000000e+00]]
[[ 0.00000000e+00 -6.18404943e-05 -1.34555725e-04 ...  5.66958426e-05
   6.75440581e-05  5.56580901e-05]
 [ 0.00000000e+00 -1.02012055e-04 -1.56882616e-04 ...  7.64643986e-05
   2.30510993e-05  1.47805300e-05]
 [ 0.00000000e+00 -3.98285311e-05 -1.01253826e-04 ...  2.27163819e-05
   2.85071917e-05  2.80658557e-05]
 ...
 [ 0.00000000e+00 -3.04435415e-05 -6.35112476e-05 ...  1.49074907e-05
   5.54703233e-06  1.52026752e-05]
 [ 0.00000000e+00  9.05468872e-06  8.87346462e-06 ...  7.92312350e-06
   5.19589356e-06  1.58758400e-06]
 [ 0.00000000e+00  0.00000000e+00  0.00000000e+00 ...  0.00000000e+00
   0.00000000e+00  0.00000000e+00]]
[[ 0.00000000e+00 -7.90972188e-05 -1.56465407e-04 ...  1.47810910e-05
   4.30939563e-06 -7.86345458e-06]
 [ 0.00000000e+00 -7.06500569e-05 -1.58171161e-04 ...  5.75158666e-06
   6.29476151e-06 -1.55937045e-05]
 [ 0.00000000e+00 -7.05938508e-05 -1.17617395e-04 ...  1.35956474e-05
  -2.68505281e-05 -2.58403803e-05]
 ...
 [ 0.00000000e+00  2.66580765e-06 -4.88884221e-05 ...  4.78032608e-06
  -1.43606152e-05 -3.42857872e-05]
 [ 0.00000000e+00 -1.42874405e-05 -3.10747039e-06 ... -2.68115156e-05
  -7.19030850e-07  3.45569354e-06]
 [ 0.00000000e+00  0.00000000e+00  0.00000000e+00 ...  0.00000000e+00
   0.00000000e+00  0.00000000e+00]]
[[ 0.00000000e+00 -9.38098953e-05 -1.74358079e-04 ... -2.59147051e-05
  -5.88542140e-05 -7.02743492e-05]
 [ 0.00000000e+00 -4.56035591e-05 -1.38819915e-04 ... -5.16074432e-05
  -2.48521504e-05 -4.11249289e-05]
 [ 0.00000000e+00 -9.27373059e-05 -1.42661236e-04 ... -3.00749428e-06
  -6.50621210e-05 -7.89432914e-05]
 ...
 [ 0.00000000e+00  1.33250080e-05 -2.15738150e-06 ... -1.90549188e-05
  -2.67777182e-05 -5.64422067e-05]
 [ 0.00000000e+00 -2.34525449e-05 -3.20060731e-05 ... -4.07928145e-05
  -1.53440337e-05 -6.01917158e-06]
 [ 0.00000000e+00  0.00000000e+00  0.00000000e+00 ...  0.00000000e+00
   0.00000000e+00  0.00000000e+00]]
[[ 0.00000000e+00 -9.31555598e-05 -1.77514884e-04 ... -7.29508805e-05
  -1.08137464e-04 -1.22542855e-04]
 [ 0.00000000e+00 -5.62952812e-05 -1.21723569e-04 ... -7.76252775e-05
  -8.53090887e-05 -7.93299044e-05]
 [ 0.00000000e+00 -8.48138180e-05 -1.53500185e-04 ... -3.56359265e-05
  -7.76907322e-05 -1.11952333e-04]
 ...
 [ 0.00000000e+00 -2.04353136e-06  2.20361108e-05 ... -5.44207077e-05
  -4.00454584e-05 -4.90227236e-05]
 [ 0.00000000e+00 -1.38353707e-05 -4.20049086e-05 ... -3.31522211e-05
  -3.30224290e-05 -2.89262181e-05]
 [ 0.00000000e+00  0.00000000e+00  0.00000000e+00 ...  0.00000000e+00
   0.00000000e+00  0.00000000e+00]]
[[ 0.00000000e+00 -8.10870957e-05 -1.60857646e-04 ... -1.20172731e-04
  -1.46518322e-04 -1.60406775e-04]
 [ 0.00000000e+00 -8.56149587e-05 -1.30185741e-04 ... -8.92109725e-05
  -1.46152783e-04 -1.37988521e-04]
 [ 0.00000000e+00 -5.83326812e-05 -1.34130356e-04 ... -6.93037588e-05
  -8.43575485e-05 -1.19071765e-04]
 ...
 [ 0.00000000e+00 -1.97763457e-05 -8.61178822e-06 ... -8.70095173e-05
  -5.88520535e-05 -3.60316569e-05]
 [ 0.00000000e+00 -1.39493580e-06 -1.59690988e-05 ... -2.33934786e-05
  -4.32093696e-05 -5.06498892e-05]
 [ 0.00000000e+00  0.00000000e+00  0.00000000e+00 ...  0.00000000e+00
   0.00000000e+00  0.00000000e+00]]
[[ 0.00000000e+00 -6.98214610e-05 -1.34363336e-04 ... -1.55717414e-04
  -1.81693511e-04 -1.89194019e-04]
 [ 0.00000000e+00 -9.67210569e-05 -1.55097545e-04 ... -1.08579154e-04
  -1.75362535e-04 -1.99563577e-04]
 [ 0.00000000e+00 -4.01736152e-05 -9.70154563e-05 ... -8.63223754e-05
  -1.04005610e-04 -1.16365492e-04]
 ...
 [ 0.00000000e+00 -2.54091808e-05 -6.23774628e-05 ... -1.05978831e-04
  -8.03141078e-05 -4.44098795e-05]
 [ 0.00000000e+00  3.50407376e-06  1.65427279e-05 ... -3.05479128e-05
  -4.34107960e-05 -5.41964000e-05]
 [ 0.00000000e+00  0.00000000e+00  0.00000000e+00 ...  0.00000000e+00
   0.00000000e+00  0.00000000e+00]]
[[ 0.00000000e+00 -6.39608287e-05 -1.16479724e-04 ... -1.74045087e-04
  -2.10667058e-04 -2.18698525e-04]
 [ 0.00000000e+00 -7.73792534e-05 -1.57893421e-04 ... -1.33260606e-04
  -1.77670215e-04 -2.31696463e-04]
 [ 0.00000000e+00 -4.12173056e-05 -7.32984008e-05 ... -8.65708151e-05
  -1.29819408e-04 -1.27200643e-04]
 ...
 [ 0.00000000e+00 -2.48780783e-05 -8.34313662e-05 ... -1.15581367e-04
  -9.91528686e-05 -7.83522761e-05]
 [ 0.00000000e+00  2.68239633e-06  1.29839965e-05 ... -5.54473827e-05
  -4.14660315e-05 -3.90507797e-05]
 [ 0.00000000e+00  0.00000000e+00  0.00000000e+00 ...  0.00000000e+00
   0.00000000e+00  0.00000000e+00]]
[[ 0.00000000e+00 -5.85943193e-05 -1.13018654e-04 ... -1.75696028e-04
  -2.24243769e-04 -2.49444649e-04]
 [ 0.00000000e+00 -4.64260855e-05 -1.15656938e-04 ... -1.45006518e-04
  -1.78668564e-04 -2.20949347e-04]
 [ 0.00000000e+00 -4.90264254e-05 -7.63384211e-05 ... -8.32045923e-05
  -1.41288646e-04 -1.55038530e-04]
 ...
 [ 0.00000000e+00 -2.61642698e-05 -6.25029657e-05 ... -1.30840993e-04
  -1.15530920e-04 -1.17575657e-04]
 [ 0.00000000e+00 -3.79519788e-06 -2.83712991e-05 ... -8.30650061e-05
  -4.64679933e-05 -2.45716515e-05]
 [ 0.00000000e+00  0.00000000e+00  0.00000000e+00 ...  0.00000000e+00
   0.00000000e+00  0.00000000e+00]]
[[ 0.00000000e+00 -4.91432552e-05 -1.06976336e-04 ... -1.60723520e-04
  -2.20589963e-04 -2.66766727e-04]
 [ 0.00000000e+00 -2.48662526e-05 -5.30391047e-05 ... -1.37538515e-04
  -1.83870418e-04 -1.90278157e-04]
 [ 0.00000000e+00 -4.62102855e-05 -8.24770639e-05 ... -8.53700959e-05
  -1.32668618e-04 -1.74918824e-04]
 ...
 [ 0.00000000e+00 -2.96626669e-05 -4.56002180e-05 ... -1.61931808e-04
  -1.36213510e-04 -1.41348460e-04]
 [ 0.00000000e+00 -2.01114864e-05 -6.67999164e-05 ... -9.92211937e-05
  -6.07938561e-05 -3.26746973e-05]
 [ 0.00000000e+00  0.00000000e+00  0.00000000e+00 ...  0.00000000e+00
   0.00000000e+00  0.00000000e+00]]
[[ 0.00000000e+00 -3.57953970e-05 -7.62873221e-05 ... -1.30027819e-04
  -2.04333851e-04 -2.53422472e-04]
 [ 0.00000000e+00 -1.55383285e-05 -1.49822755e-05 ... -1.20981788e-04
  -1.75470668e-04 -1.73287341e-04]
 [ 0.00000000e+00 -2.70573739e-05 -5.75026801e-05 ... -9.25423208e-05
  -1.17009477e-04 -1.58805962e-04]
 ...
 [ 0.00000000e+00 -3.86866211e-05 -7.21293870e-05 ... -2.02972475e-04
  -1.67832744e-04 -1.52806751e-04]
 [ 0.00000000e+00 -4.04319344e-05 -7.12283712e-05 ... -1.02959452e-04
  -8.13532129e-05 -6.68072991e-05]
 [ 0.00000000e+00  0.00000000e+00  0.00000000e+00 ...  0.00000000e+00
   0.00000000e+00  0.00000000e+00]]
[[ 0.00000000e+00 -1.85574037e-05 -2.04972350e-05 ... -9.18334420e-05
  -1.74557591e-04 -2.07772279e-04]
 [ 0.00000000e+00 -1.01308375e-05 -1.16139708e-05 ... -1.02836944e-04
  -1.45503364e-04 -1.73255795e-04]
 [ 0.00000000e+00  2.50915793e-06  5.78289710e-07 ... -1.02007602e-04
  -1.04926461e-04 -1.08885733e-04]
 ...
 [ 0.00000000e+00 -6.08635073e-05 -1.25598374e-04 ... -2.35769439e-04
  -2.09894076e-04 -1.77020086e-04]
 [ 0.00000000e+00 -4.77991960e-05 -5.51258805e-05 ... -1.03945295e-04
  -1.04959231e-04 -1.09374418e-04]
 [ 0.00000000e+00  0.00000000e+00  0.00000000e+00 ...  0.00000000e+00
   0.00000000e+00  0.00000000e+00]]
[[ 0.00000000e+00  4.94162432e-06  3.74236355e-05 ... -5.89719272e-05
  -1.25140408e-04 -1.45189293e-04]
 [ 0.00000000e+00 -1.50806313e-06 -6.89865551e-06 ... -8.06239646e-05
  -1.08926894e-04 -1.58822747e-04]
 [ 0.00000000e+00  3.15876110e-05  5.58324768e-05 ... -1.11590197e-04
  -9.33030331e-05 -5.89869592e-05]
 ...
 [ 0.00000000e+00 -8.90580847e-05 -1.55817188e-04 ... -2.44441912e-04
  -2.54242038e-04 -2.33595638e-04]
 [ 0.00000000e+00 -3.63646086e-05 -5.06226878e-05 ... -1.10475363e-04
  -1.29409465e-04 -1.40405552e-04]
 [ 0.00000000e+00  0.00000000e+00  0.00000000e+00 ...  0.00000000e+00
   0.00000000e+00  0.00000000e+00]]
[[ 0.00000000e+00  3.37133272e-05  7.73206713e-05 ... -3.73097574e-05
  -6.01399477e-05 -8.10024488e-05]
 [ 0.00000000e+00  1.60304193e-05  3.37075339e-05 ... -5.61163123e-05
  -7.78960682e-05 -1.03548424e-04]
 [ 0.00000000e+00  4.78958534e-05  7.35183360e-05 ... -1.13115190e-04
  -7.79435142e-05 -4.03091802e-05]
 ...
 [ 0.00000000e+00 -9.49618048e-05 -1.34469502e-04 ... -2.27627964e-04
  -2.89654063e-04 -3.11848772e-04]
 [ 0.00000000e+00 -2.34856057e-05 -6.26179151e-05 ... -1.20596301e-04
  -1.50730972e-04 -1.56883798e-04]
 [ 0.00000000e+00  0.00000000e+00  0.00000000e+00 ...  0.00000000e+00
   0.00000000e+00  0.00000000e+00]]
[[ 0.00000000e+00  6.05378073e-05  1.02699779e-04 ... -2.24872151e-05
   9.13404829e-07 -1.72364737e-05]
 [ 0.00000000e+00  4.63676610e-05  9.87311746e-05 ... -4.12296018e-05
  -4.34062241e-05 -2.04147083e-05]
 [ 0.00000000e+00  4.33842962e-05  5.57536461e-05 ... -9.30071846e-05
  -6.38208023e-05 -5.05282471e-05]
 ...
 [ 0.00000000e+00 -5.81339344e-05 -7.34029453e-05 ... -1.98377682e-04
  -3.06201825e-04 -3.74519698e-04]
 [ 0.00000000e+00 -2.65159271e-05 -6.48189247e-05 ... -1.23506007e-04
  -1.63105048e-04 -1.71344132e-04]
 [ 0.00000000e+00  0.00000000e+00  0.00000000e+00 ...  0.00000000e+00
   0.00000000e+00  0.00000000e+00]]
[[ 0.00000000e+00  7.92257919e-05  1.30029026e-04 ... -1.10086977e-05
   4.04992255e-05  5.02724124e-05]
 [ 0.00000000e+00  8.10005612e-05  1.44464240e-04 ... -3.94747097e-05
   3.35191726e-06  5.02373028e-05]
 [ 0.00000000e+00  2.35949783e-05  3.29163184e-05 ... -4.74053015e-05
  -5.31632949e-05 -6.03520003e-05]
 ...
 [ 0.00000000e+00  4.01533173e-06  1.44802983e-06 ... -1.73071344e-04
  -2.97702650e-04 -3.86740166e-04]
 [ 0.00000000e+00 -3.37685361e-05 -3.56606675e-05 ... -1.09458870e-04
  -1.62637067e-04 -1.91702553e-04]
 [ 0.00000000e+00  0.00000000e+00  0.00000000e+00 ...  0.00000000e+00
   0.00000000e+00  0.00000000e+00]]
[[ 0.00000000e+00  9.12518293e-05  1.61754219e-04 ... -7.90217704e-06
   6.03645350e-05  1.15329224e-04]
 [ 0.00000000e+00  9.64541527e-05  1.44361008e-04 ... -3.26854039e-05
   4.62827723e-05  8.15294191e-05]
 [ 0.00000000e+00  7.07111511e-06  2.75183501e-05 ...  7.41173433e-06
  -3.32249567e-05 -4.59634647e-05]
 ...
 [ 0.00000000e+00  5.18751367e-05  7.22567106e-05 ... -1.59652099e-04
  -2.64154036e-04 -3.41825072e-04]
 [ 0.00000000e+00 -1.51639430e-05  1.83926348e-05 ... -8.04687399e-05
  -1.49248037e-04 -2.05628368e-04]
 [ 0.00000000e+00  0.00000000e+00  0.00000000e+00 ...  0.00000000e+00
   0.00000000e+00  0.00000000e+00]]
[[ 0.00000000e+00  9.93910877e-05  1.77981755e-04 ... -1.61495492e-05
   7.33838982e-05  1.58194913e-04]
 [ 0.00000000e+00  7.61245796e-05  1.11107834e-04 ... -1.86225357e-06
   6.19267534e-05  8.05866040e-05]
 [ 0.00000000e+00  7.46774044e-06  3.63957312e-05 ...  4.76667225e-05
   8.88897668e-06 -8.65023757e-06]
 ...
 [ 0.00000000e+00  6.92733035e-05  1.25331558e-04 ... -1.55063692e-04
  -2.13430607e-04 -2.60661769e-04]
 [ 0.00000000e+00  3.61715361e-05  7.52338015e-05 ... -5.26875100e-05
  -1.24173756e-04 -1.88101184e-04]
 [ 0.00000000e+00  0.00000000e+00  0.00000000e+00 ...  0.00000000e+00
   0.00000000e+00  0.00000000e+00]]
[[ 0.00000000e+00  9.65136140e-05  1.55970568e-04 ... -2.24541199e-05
   8.23583669e-05  1.60455770e-04]
 [ 0.00000000e+00  3.41620923e-05  7.31902601e-05 ...  4.25357475e-05
   5.58932874e-05  7.20716931e-05]
 [ 0.00000000e+00  1.78122883e-05  4.52238189e-05 ...  6.36869458e-05
   6.13637144e-05  3.50161051e-05]
 ...
 [ 0.00000000e+00  7.65809660e-05  1.47313172e-04 ... -1.52516646e-04
  -1.58264553e-04 -1.69712640e-04]
 [ 0.00000000e+00  8.74622553e-05  1.15982366e-04 ... -4.59198867e-05
  -8.84805442e-05 -1.25706993e-04]
 [ 0.00000000e+00  0.00000000e+00  0.00000000e+00 ...  0.00000000e+00
   0.00000000e+00  0.00000000e+00]]
[[ 0.00000000e+00  6.87840947e-05  9.30675223e-05 ... -4.73543356e-06
   7.80377950e-05  1.21096258e-04]
 [ 0.00000000e+00  4.91655331e-06  4.54250864e-05 ...  6.77257270e-05
   5.85489145e-05  7.23443030e-05]
 [ 0.00000000e+00  2.06494139e-05  4.82492729e-05 ...  6.16611493e-05
   9.32291589e-05  7.27925202e-05]
 ...
 [ 0.00000000e+00  9.24306461e-05  1.37766956e-04 ... -1.49319336e-04
  -1.08529404e-04 -8.27101245e-05]
 [ 0.00000000e+00  9.94315523e-05  1.25915881e-04 ... -6.63677650e-05
  -4.67796462e-05 -3.35808535e-05]
 [ 0.00000000e+00  0.00000000e+00  0.00000000e+00 ...  0.00000000e+00
   0.00000000e+00  0.00000000e+00]]
[[ 0.00000000e+00  1.39625234e-05  9.82842272e-06 ...  4.20110167e-05
   5.89163114e-05  5.87841407e-05]
 [ 0.00000000e+00  4.46910974e-06  2.66061919e-05 ...  5.86947883e-05
   8.04898731e-05  8.14681088e-05]
 [ 0.00000000e+00  1.38692321e-05  4.94681188e-05 ...  4.65445638e-05
   8.94393968e-05  1.02440318e-04]
 ...
 [ 0.00000000e+00  9.98516422e-05  1.13050938e-04 ... -1.45725988e-04
  -6.61443305e-05 -2.97308518e-06]
 [ 0.00000000e+00  6.65559288e-05  9.39992619e-05 ... -9.75310769e-05
  -1.04186076e-05  5.13584834e-05]
 [ 0.00000000e+00  0.00000000e+00  0.00000000e+00 ...  0.00000000e+00
   0.00000000e+00  0.00000000e+00]]
[[ 0.00000000e+00 -4.77565574e-05 -6.36606227e-05 ...  9.36246119e-05
   4.09288520e-05  2.17605849e-06]
 [ 0.00000000e+00  1.31620433e-05  1.21350464e-05 ...  3.60363699e-05
   9.40706099e-05  8.99194158e-05]
 [ 0.00000000e+00  1.58295815e-05  5.23457116e-05 ...  1.69498349e-05
   6.80523754e-05  1.23776285e-04]
 ...
 [ 0.00000000e+00  6.77177927e-05  8.46706128e-05 ... -1.36344723e-04
  -2.87712053e-05  6.15502170e-05]
 [ 0.00000000e+00  1.55871025e-05  2.83742404e-05 ... -1.09887325e-04
   8.28180765e-06  9.44310346e-05]
 [ 0.00000000e+00  0.00000000e+00  0.00000000e+00 ...  0.00000000e+00
   0.00000000e+00  0.00000000e+00]]
[[ 0.00000000e+00 -8.62828650e-05 -1.02304875e-04 ...  1.15943554e-04
   3.97125736e-05 -2.28079861e-05]
 [ 0.00000000e+00  3.74495115e-06 -2.12795969e-06 ...  2.65569859e-05
   7.23149901e-05  8.59368994e-05]
 [ 0.00000000e+00  3.82689523e-05  5.47126824e-05 ... -1.75319749e-05
   5.49126126e-05  1.31767714e-04]
 ...
 [ 0.00000000e+00 -1.07720679e-06  4.40404120e-05 ... -1.06728898e-04
   2.33169729e-06  9.20751103e-05]
 [ 0.00000000e+00 -2.69458180e-05 -3.46933702e-05 ... -8.30820990e-05
   7.64354133e-06  8.41383159e-05]
 [ 0.00000000e+00  0.00000000e+00  0.00000000e+00 ...  0.00000000e+00
   0.00000000e+00  0.00000000e+00]]
[[ 0.00000000e+00 -8.47370048e-05 -9.51624885e-05 ...  9.37692381e-05
   5.00745044e-05 -4.97566933e-06]
 [ 0.00000000e+00 -2.19525602e-05 -2.10430341e-05 ...  3.03419265e-05
   3.00241481e-05  6.28203879e-05]
 [ 0.00000000e+00  6.18952045e-05  4.96873624e-05 ... -2.82705359e-05
   5.26171931e-05  1.17519386e-04]
 ...
 [ 0.00000000e+00 -6.19643269e-05 -1.41579731e-05 ... -4.46204348e-05
   2.13107911e-05  7.23057063e-05]
 [ 0.00000000e+00 -5.14755647e-05 -5.62469147e-05 ... -2.16448589e-05
   2.08712244e-07  3.56715233e-05]
 [ 0.00000000e+00  0.00000000e+00  0.00000000e+00 ...  0.00000000e+00
   0.00000000e+00  0.00000000e+00]]
[[ 0.00000000e+00 -4.89171532e-05 -5.10495010e-05 ...  3.92250177e-05
   5.25849861e-05  4.35682051e-05]
 [ 0.00000000e+00 -3.66687200e-05 -4.26229571e-05 ...  3.02635326e-05
   6.67266098e-06  2.82305518e-05]
 [ 0.00000000e+00  5.12152487e-05  2.72132449e-05 ...  5.86620542e-06
   4.68270285e-05  7.49248011e-05]
 ...
 [ 0.00000000e+00 -7.24114606e-05 -6.08263727e-05 ...  4.17691120e-05
   2.59957844e-05  9.58663561e-06]
 [ 0.00000000e+00 -5.40825571e-05 -3.24549721e-05 ...  4.85725813e-05
   1.39953476e-06 -2.14203072e-05]
 [ 0.00000000e+00  0.00000000e+00  0.00000000e+00 ...  0.00000000e+00
   0.00000000e+00  0.00000000e+00]]
[[ 0.00000000e+00  1.66100809e-06  3.32018892e-06 ... -2.14019883e-05
   3.80231992e-05  9.05318615e-05]
 [ 0.00000000e+00 -2.47973752e-05 -5.18915242e-05 ...  2.28831011e-05
   1.61250377e-05  3.75921865e-06]
 [ 0.00000000e+00 -4.59182712e-06 -1.87332995e-05 ...  6.56976004e-05
   3.44690151e-05  1.09572334e-05]
 ...
 [ 0.00000000e+00 -3.09250287e-05 -5.09479304e-05 ...  1.18832061e-04
   2.43403823e-05 -5.85243246e-05]
 [ 0.00000000e+00 -2.88236006e-05  4.84614171e-06 ...  9.76021390e-05
   1.44778371e-05 -5.97003647e-05]
 [ 0.00000000e+00  0.00000000e+00  0.00000000e+00 ...  0.00000000e+00
   0.00000000e+00  0.00000000e+00]]
[[ 0.00000000e+00  4.56241167e-05  3.81181942e-05 ... -6.18586323e-05
   1.62577406e-05  1.02675192e-04]
 [ 0.00000000e+00 -1.83424100e-06 -3.51451240e-05 ...  1.93360446e-05
   3.42360102e-05  5.87200466e-06]
 [ 0.00000000e+00 -7.31216633e-05 -7.49339987e-05 ...  1.00798216e-04
   2.71600778e-05 -4.65178618e-05]
 ...
 [ 0.00000000e+00  2.98375674e-05  1.83434684e-05 ...  1.47562274e-04
   2.85568201e-05 -8.34907780e-05]
 [ 0.00000000e+00  1.87392348e-05  2.75325558e-05 ...  1.06812607e-04
   2.86388415e-05 -6.42167705e-05]
 [ 0.00000000e+00  0.00000000e+00  0.00000000e+00 ...  0.00000000e+00
   0.00000000e+00  0.00000000e+00]]
[[ 0.00000000e+00  6.44401261e-05  3.96431431e-05 ... -6.39103491e-05
   1.06211889e-06  6.90133622e-05]
 [ 0.00000000e+00  7.30246652e-06 -2.28097264e-06 ...  1.81523322e-05
   3.52674394e-05  2.61791222e-05]
 [ 0.00000000e+00 -1.04841606e-04 -1.04922053e-04 ...  7.71266225e-05
   2.73540939e-05 -5.86993944e-05]
 ...
 [ 0.00000000e+00  7.40647111e-05  8.91579072e-05 ...  1.15121656e-04
   4.25895888e-05 -3.92864156e-05]
 [ 0.00000000e+00  6.19053662e-05  3.69082701e-05 ...  7.48637634e-05
   3.19491687e-05 -3.42835826e-05]
 [ 0.00000000e+00  0.00000000e+00  0.00000000e+00 ...  0.00000000e+00
   0.00000000e+00  0.00000000e+00]]
[[ 0.00000000e+00  4.66624433e-05  1.58815711e-05 ... -2.78794517e-05
  -4.83747884e-06  7.65516196e-06]
 [ 0.00000000e+00 -1.53390568e-06  1.71924404e-05 ...  6.71307550e-07
   1.92183460e-05  3.82472498e-05]
 [ 0.00000000e+00 -7.52114547e-05 -7.61421804e-05 ...  8.29672732e-06
   2.06616229e-05 -8.74147255e-06]
 ...
 [ 0.00000000e+00  8.01488330e-05  1.00456318e-04 ...  4.94588362e-05
   5.90542378e-05  5.60451313e-05]
 [ 0.00000000e+00  7.09093767e-05  4.41010553e-05 ...  1.77466573e-05
   2.41027695e-05  1.95279806e-05]
 [ 0.00000000e+00  0.00000000e+00  0.00000000e+00 ...  0.00000000e+00
   0.00000000e+00  0.00000000e+00]]
[[ 0.00000000e+00 -2.52515563e-06 -1.58439328e-05 ...  1.82207542e-05
  -7.36045337e-06 -4.91781765e-05]
 [ 0.00000000e+00 -1.16755149e-05  6.99379095e-06 ... -3.75877035e-05
  -2.36341804e-06  2.61629490e-05]
 [ 0.00000000e+00 -2.40247536e-06  5.41185985e-07 ... -6.15802535e-05
  -2.66898265e-07  6.99464633e-05]
 ...
 [ 0.00000000e+00  4.46671278e-05  5.40334007e-05 ...  1.42908693e-06
   7.07803200e-05  1.50387864e-04]
 [ 0.00000000e+00  4.00664826e-05  4.25034951e-05 ... -3.41592849e-05
   1.62358198e-05  7.87305335e-05]
 [ 0.00000000e+00  0.00000000e+00  0.00000000e+00 ...  0.00000000e+00
   0.00000000e+00  0.00000000e+00]]
[[ 0.00000000e+00 -5.66987498e-05 -4.25363552e-05 ...  3.13801607e-05
  -1.26932980e-05 -7.67218028e-05]
 [ 0.00000000e+00 -9.62506928e-06 -1.62956676e-05 ... -6.96603062e-05
  -2.63447906e-05 -9.42346406e-07]
 [ 0.00000000e+00  6.78063304e-05  6.75437783e-05 ... -9.51361279e-05
  -2.00626714e-05  1.09489942e-04]
 ...
 [ 0.00000000e+00 -1.11299437e-05  5.30987261e-06 ...  8.45807063e-06
   8.25179633e-05  1.94443472e-04]
 [ 0.00000000e+00 -9.05023841e-06  1.90273968e-05 ... -4.67537560e-05
   2.09709424e-05  1.20541107e-04]
 [ 0.00000000e+00  0.00000000e+00  0.00000000e+00 ...  0.00000000e+00
   0.00000000e+00  0.00000000e+00]]
[[ 0.00000000e+00 -8.13886377e-05 -5.64083394e-05 ... -1.05360577e-05
  -2.64277773e-05 -6.93134388e-05]
 [ 0.00000000e+00  7.53423928e-07 -2.55832974e-05 ... -6.77116160e-05
  -4.98210280e-05 -2.57350448e-05]
 [ 0.00000000e+00  9.10140413e-05  6.97470263e-05 ... -8.03439963e-05
  -2.20906960e-05  6.57261289e-05]
 ...
 [ 0.00000000e+00 -4.50846843e-05 -4.53775833e-06 ...  6.98984757e-05
   1.06572135e-04  1.77510803e-04]
 [ 0.00000000e+00 -4.71423577e-05 -1.44021448e-05 ... -2.71220667e-06
   4.38114513e-05  1.25799454e-04]
 [ 0.00000000e+00  0.00000000e+00  0.00000000e+00 ...  0.00000000e+00
   0.00000000e+00  0.00000000e+00]]
[[ 0.00000000e+00 -5.89507762e-05 -5.06422534e-05 ... -8.41550532e-05
  -5.27590547e-05 -4.02890609e-05]
 [ 0.00000000e+00  6.38901976e-06 -1.81231031e-05 ... -4.10982146e-05
  -5.89675210e-05 -4.45785441e-05]
 [ 0.00000000e+00  5.01137994e-05  8.20935059e-06 ... -3.14766398e-05
  -1.50076905e-05 -3.68569715e-05]
 ...
 [ 0.00000000e+00 -2.71636750e-05  1.44506039e-05 ...  1.51660552e-04
   1.46153864e-04  1.32756768e-04]
 [ 0.00000000e+00 -5.29638266e-05 -2.43187983e-05 ...  8.08253808e-05
   8.02553546e-05  9.20387741e-05]
 [ 0.00000000e+00  0.00000000e+00  0.00000000e+00 ...  0.00000000e+00
   0.00000000e+00  0.00000000e+00]]
[[ 0.00000000e+00 -3.36314097e-06 -2.43775315e-05 ... -1.38496391e-04
  -8.53739499e-05 -1.54545523e-05]
 [ 0.00000000e+00 -1.10442414e-06 -1.48363544e-05 ... -2.70663502e-05
  -4.75073689e-05 -6.40165236e-05]
 [ 0.00000000e+00 -3.07447376e-05 -6.15229185e-05 ...  1.27824674e-05
  -2.20785683e-05 -1.23946960e-04]
 ...
 [ 0.00000000e+00  2.49255592e-05  3.08281991e-05 ...  2.11985674e-04
   1.86675599e-04  1.07524673e-04]
 [ 0.00000000e+00 -1.86920872e-05  2.81158149e-06 ...  1.56842499e-04
   1.16198408e-04  4.25020440e-05]
 [ 0.00000000e+00  0.00000000e+00  0.00000000e+00 ...  0.00000000e+00
   0.00000000e+00  0.00000000e+00]]
[[ 0.00000000e+00  4.83763611e-05  8.00696872e-06 ... -1.40083050e-04
  -1.04322961e-04 -2.02403859e-05]
 [ 0.00000000e+00 -1.97295021e-05 -2.67823344e-05 ... -4.77654388e-05
  -3.81736960e-05 -8.21693307e-05]
 [ 0.00000000e+00 -9.58575861e-05 -8.45745849e-05 ...  6.07192268e-06
  -4.95145352e-05 -1.37942922e-04]
 ...
 [ 0.00000000e+00  5.84033968e-05  3.26093819e-05 ...  2.27087096e-04
   2.06611679e-04  1.24905026e-04]
 [ 0.00000000e+00  4.12060245e-05  3.91836779e-05 ...  1.78856088e-04
   1.32448089e-04  1.70195511e-05]
 [ 0.00000000e+00  0.00000000e+00  0.00000000e+00 ...  0.00000000e+00
   0.00000000e+00  0.00000000e+00]]
[[ 0.00000000e+00  6.09029590e-05  2.21803225e-05 ... -9.96119636e-05
  -9.46540338e-05 -6.15290994e-05]
 [ 0.00000000e+00 -3.71909679e-05 -3.80498374e-05 ... -9.14741696e-05
  -6.16093934e-05 -8.77843908e-05]
 [ 0.00000000e+00 -9.61562745e-05 -5.43696464e-05 ... -6.43191635e-05
  -8.16632241e-05 -8.61838694e-05]
 ...
 [ 0.00000000e+00  4.23595632e-05  2.65163961e-05 ...  2.01677998e-04
   1.96978612e-04  1.69868696e-04]
 [ 0.00000000e+00  8.42948804e-05  4.68450537e-05 ...  1.35497065e-04
   1.16871511e-04  4.31106737e-05]
 [ 0.00000000e+00  0.00000000e+00  0.00000000e+00 ...  0.00000000e+00
   0.00000000e+00  0.00000000e+00]]
[[ 0.00000000e+00  2.39996763e-05  5.66180570e-06 ... -5.83141392e-05
  -6.96821957e-05 -1.17662869e-04]
 [ 0.00000000e+00 -3.57872539e-05 -2.89827204e-05 ... -1.32742573e-04
  -1.12329652e-04 -7.98917484e-05]
 [ 0.00000000e+00 -3.13937187e-05 -7.31857840e-06 ... -1.50855218e-04
  -1.05049354e-04 -2.82990690e-05]
 ...
 [ 0.00000000e+00  3.82358259e-07  1.66164828e-05 ...  1.62127882e-04
   1.69823463e-04  2.08846346e-04]
 [ 0.00000000e+00  6.53900101e-05  2.00854047e-05 ...  6.06036023e-05
   7.83200092e-05  1.08553843e-04]
 [ 0.00000000e+00  0.00000000e+00  0.00000000e+00 ...  0.00000000e+00
   0.00000000e+00  0.00000000e+00]]
[[ 0.00000000e+00 -3.84347257e-05 -2.75955133e-05 ... -5.39420694e-05
  -6.45253760e-05 -1.52358691e-04]
 [ 0.00000000e+00 -7.69047675e-06 -5.19238562e-06 ... -1.53291196e-04
  -1.47561726e-04 -7.66531923e-05]
 [ 0.00000000e+00  4.55792229e-05  1.80812436e-05 ... -1.82839350e-04
  -1.19173241e-04 -2.21498662e-05]
 ...
 [ 0.00000000e+00 -2.28415096e-05  3.80007357e-06 ...  1.38217407e-04
   1.49076762e-04  2.20354335e-04]
 [ 0.00000000e+00 -1.37879295e-05 -1.42188146e-05 ...  9.56589264e-06
   4.61937257e-05  1.64373218e-04]
 [ 0.00000000e+00  0.00000000e+00  0.00000000e+00 ...  0.00000000e+00
   0.00000000e+00  0.00000000e+00]]
[[ 0.00000000e+00 -8.08645809e-05 -4.92804357e-05 ... -9.56571923e-05
  -9.94401459e-05 -1.46169809e-04]
 [ 0.00000000e+00  2.85848051e-05  8.41485524e-06 ... -1.44021097e-04
  -1.38642826e-04 -9.64423127e-05]
 [ 0.00000000e+00  7.36463676e-05  1.10236609e-05 ... -1.40644884e-04
  -1.22621829e-04 -7.82735012e-05]
 ...
 [ 0.00000000e+00 -1.47932892e-05 -3.64887878e-06 ...  1.44185251e-04
   1.53180819e-04  2.07920849e-04]
 [ 0.00000000e+00 -8.84430207e-05 -2.99269319e-05 ...  1.93820323e-05
   4.86276848e-05  1.63549695e-04]
 [ 0.00000000e+00  0.00000000e+00  0.00000000e+00 ...  0.00000000e+00
   0.00000000e+00  0.00000000e+00]]
[[ 0.00000000e+00 -6.78199081e-05 -4.34741430e-05 ... -1.59047927e-04
  -1.54892263e-04 -1.15866637e-04]
 [ 0.00000000e+00  3.65744423e-05 -1.56935827e-06 ... -1.09772452e-04
  -1.06712445e-04 -1.34671233e-04]
 [ 0.00000000e+00  3.62176133e-05 -1.27881474e-05 ... -7.85386851e-05
  -1.10166177e-04 -1.54886533e-04]
 ...
 [ 0.00000000e+00  5.98077823e-07  5.46852299e-07 ...  1.71597359e-04
   1.82095147e-04  1.88880206e-04]
 [ 0.00000000e+00 -8.58351465e-05 -2.19903170e-05 ...  8.14547188e-05
   8.64620957e-05  1.04201034e-04]
 [ 0.00000000e+00  0.00000000e+00  0.00000000e+00 ...  0.00000000e+00
   0.00000000e+00  0.00000000e+00]]
[[ 0.00000000e+00 -5.63522940e-06 -1.91079344e-05 ... -2.01315420e-04
  -1.89581935e-04 -1.00021021e-04]
 [ 0.00000000e+00 -3.03276036e-07 -2.30666889e-05 ... -8.10674975e-05
  -9.54451512e-05 -1.66263132e-04]
 [ 0.00000000e+00 -2.90690659e-05 -2.94610520e-05 ... -6.34782130e-05
  -9.30486676e-05 -1.93031105e-04]
 ...
 [ 0.00000000e+00  3.20991217e-06  5.09521646e-06 ...  1.99374006e-04
   2.15988438e-04  1.76427048e-04]
 [ 0.00000000e+00 -2.74018555e-06  1.00993196e-07 ...  1.47198687e-04
   1.29772136e-04  3.55371729e-05]
 [ 0.00000000e+00  0.00000000e+00  0.00000000e+00 ...  0.00000000e+00
   0.00000000e+00  0.00000000e+00]]
[[ 0.00000000e+00  5.59230687e-05  2.35540440e-06 ... -1.92916265e-04
  -1.81280554e-04 -1.23126161e-04]
 [ 0.00000000e+00 -5.13204644e-05 -3.48443786e-05 ... -9.83204635e-05
  -1.21223014e-04 -1.70282002e-04]
 [ 0.00000000e+00 -6.83125683e-05 -2.52531648e-05 ... -1.05094495e-04
  -1.01256628e-04 -1.66993957e-04]
 ...
 [ 0.00000000e+00 -8.67191292e-07 -4.99381780e-06 ...  2.11288015e-04
   2.27905814e-04  1.72957820e-04]
 [ 0.00000000e+00  8.39226873e-05  2.18171145e-05 ...  1.64717605e-04
   1.42991115e-04  1.67702279e-05]
 [ 0.00000000e+00  0.00000000e+00  0.00000000e+00 ...  0.00000000e+00
   0.00000000e+00  0.00000000e+00]]
[[ 0.00000000e+00  6.32978003e-05  7.18879353e-06 ... -1.46061757e-04
  -1.46335117e-04 -1.72558860e-04]
 [ 0.00000000e+00 -6.28256579e-05 -2.76182151e-05 ... -1.63661197e-04
  -1.63562774e-04 -1.49425153e-04]
 [ 0.00000000e+00 -5.56564811e-05 -6.98563950e-06 ... -1.59212931e-04
  -1.46025608e-04 -1.10432672e-04]
 ...
 [ 0.00000000e+00  7.50214537e-07 -2.02732241e-05 ...  2.04489270e-04
   2.05180290e-04  1.75288844e-04]
 [ 0.00000000e+00  9.19003536e-05  2.64371603e-05 ...  1.21135895e-04
   1.15567391e-04  6.44128457e-05]
 [ 0.00000000e+00  0.00000000e+00  0.00000000e+00 ...  0.00000000e+00
   0.00000000e+00  0.00000000e+00]]
[[ 0.00000000e+00  9.28996557e-06 -2.25570202e-06 ... -1.08639088e-04
  -1.22184190e-04 -2.09652196e-04]
 [ 0.00000000e+00 -1.64994175e-05 -7.89571560e-06 ... -2.21762818e-04
  -1.93701529e-04 -1.28138016e-04]
 [ 0.00000000e+00 -6.92315613e-06  3.39510148e-06 ... -1.85907511e-04
  -1.93019869e-04 -8.84234463e-05]
 ...
 [ 0.00000000e+00  4.89416791e-06 -1.52900041e-05 ...  1.84569165e-04
   1.63114264e-04  1.80428410e-04]
 [ 0.00000000e+00  1.47745101e-05  6.09339948e-06 ...  5.52247071e-05
   7.02585333e-05  1.36459888e-04]
 [ 0.00000000e+00  0.00000000e+00  0.00000000e+00 ...  0.00000000e+00
   0.00000000e+00  0.00000000e+00]]
[[ 0.00000000e+00 -5.63741232e-05 -1.36486557e-05 ... -1.19328442e-04
  -1.34393324e-04 -2.04499986e-04]
 [ 0.00000000e+00  4.49440139e-05  9.93650338e-06 ... -2.13985710e-04
  -1.96414978e-04 -1.33691660e-04]
 [ 0.00000000e+00  3.83365176e-05 -8.08539991e-06 ... -1.82130933e-04
  -1.97283361e-04 -1.33090773e-04]
 ...
 [ 0.00000000e+00  1.82381601e-06  9.56646136e-06 ...  1.58514333e-04
   1.34219487e-04  1.85281726e-04]
 [ 0.00000000e+00 -7.43789517e-05 -2.32206863e-05 ...  2.43595296e-05
   4.33908575e-05  1.68833750e-04]
 [ 0.00000000e+00  0.00000000e+00  0.00000000e+00 ...  0.00000000e+00
   0.00000000e+00  0.00000000e+00]]
[[ 0.00000000e+00 -7.19337801e-05 -1.58416061e-05 ... -1.67581654e-04
  -1.75868316e-04 -1.64119029e-04]
 [ 0.00000000e+00  5.94181558e-05  1.20902707e-05 ... -1.49338158e-04
  -1.72551963e-04 -1.72477993e-04]
 [ 0.00000000e+00  4.63191614e-05 -2.77910002e-05 ... -1.64233267e-04
  -1.61397834e-04 -2.07191931e-04]
 ...
 [ 0.00000000e+00 -7.26122019e-06  1.85401142e-05 ...  1.34672289e-04
   1.38164291e-04  1.84159796e-04]
 [ 0.00000000e+00 -9.45026793e-05 -3.18419562e-05 ...  5.15075132e-05
   5.49855157e-05  1.31750445e-04]
 [ 0.00000000e+00  0.00000000e+00  0.00000000e+00 ...  0.00000000e+00
   0.00000000e+00  0.00000000e+00]]
[[ 0.00000000e+00 -2.26489644e-05 -7.20105501e-06 ... -2.05015021e-04
  -2.11505233e-04 -1.28765135e-04]
 [ 0.00000000e+00  1.10930549e-05 -4.72375358e-06 ... -9.86006430e-05
  -1.40907560e-04 -2.17871562e-04]
 [ 0.00000000e+00  1.26477356e-05 -2.66030261e-05 ... -1.45514678e-04
  -1.34434502e-04 -2.40687879e-04]
 ...
 [ 0.00000000e+00 -1.44620174e-05 -1.16786673e-05 ...  1.23295398e-04
   1.61772858e-04  1.70377654e-04]
 [ 0.00000000e+00 -2.98995218e-05 -1.17632462e-05 ...  1.02925423e-04
   9.19502206e-05  5.56406346e-05]
 [ 0.00000000e+00  0.00000000e+00  0.00000000e+00 ...  0.00000000e+00
   0.00000000e+00  0.00000000e+00]]
[[ 0.00000000e+00  4.45955745e-05  3.30912095e-06 ... -1.97006938e-04
  -2.07185154e-04 -1.36372872e-04]
 [ 0.00000000e+00 -5.20063465e-05 -2.50911345e-05 ... -1.13691805e-04
  -1.33958582e-04 -2.27451603e-04]
 [ 0.00000000e+00 -3.27764554e-05  3.35908808e-06 ... -1.36585815e-04
  -1.49017478e-04 -2.04893463e-04]
 ...
 [ 0.00000000e+00 -1.83129049e-05 -5.30984128e-05 ...  1.28501999e-04
   1.71912018e-04  1.42254281e-04]
 [ 0.00000000e+00  5.80468417e-05  9.45851913e-06 ...  1.21589266e-04
   1.17049434e-04  3.38231643e-06]
 [ 0.00000000e+00  0.00000000e+00  0.00000000e+00 ...  0.00000000e+00
   0.00000000e+00  0.00000000e+00]]
[[ 0.00000000e+00  6.62191262e-05  4.65681758e-06 ... -1.55935891e-04
  -1.64310808e-04 -1.84453363e-04]
 [ 0.00000000e+00 -6.64174053e-05 -2.42411719e-05 ... -1.72428597e-04
  -1.67387532e-04 -1.85249171e-04]
 [ 0.00000000e+00 -4.84187864e-05  3.31678230e-05 ... -1.45280510e-04
  -1.82412419e-04 -1.41461813e-04]
 ...
 [ 0.00000000e+00 -2.01218885e-05 -5.83256133e-05 ...  1.38900288e-04
   1.48536352e-04  1.07869653e-04]
 [ 0.00000000e+00  8.57327670e-05  2.78230057e-06 ...  8.43438744e-05
   9.93201131e-05  1.34131898e-05]
 [ 0.00000000e+00  0.00000000e+00  0.00000000e+00 ...  0.00000000e+00
   0.00000000e+00  0.00000000e+00]]
[[ 0.00000000e+00  2.27381863e-05 -3.74460077e-06 ... -1.22423450e-04
  -1.25147552e-04 -2.27697166e-04]
 [ 0.00000000e+00 -1.60212668e-05  4.23911263e-06 ... -2.10934882e-04
  -2.09529199e-04 -1.27435537e-04]
 [ 0.00000000e+00 -1.89932858e-05  2.88278248e-05 ... -1.63357893e-04
  -1.91592120e-04 -1.14409998e-04]
 ...
 [ 0.00000000e+00 -1.46481965e-05 -2.24849730e-05 ...  1.33315781e-04
   1.02616690e-04  8.23090795e-05]
 [ 0.00000000e+00  2.33510283e-05 -2.32538270e-05 ...  2.39911261e-05
   4.38440333e-05  6.51816122e-05]
 [ 0.00000000e+00  0.00000000e+00  0.00000000e+00 ...  0.00000000e+00
   0.00000000e+00  0.00000000e+00]]
[[ 0.00000000e+00 -4.27378602e-05 -9.62635306e-06 ... -1.22435907e-04
  -1.32036086e-04 -2.20238159e-04]
 [ 0.00000000e+00  5.23921417e-05  3.41741241e-05 ... -1.93160074e-04
  -2.05919190e-04 -1.11954342e-04]
 [ 0.00000000e+00  2.74754222e-05 -5.71799963e-06 ... -1.68221780e-04
  -1.68007181e-04 -1.42623606e-04]
 ...
 [ 0.00000000e+00  1.80580598e-07  1.09603452e-05 ...  1.01266778e-04
   6.23367105e-05  7.63216756e-05]
 [ 0.00000000e+00 -7.18572445e-05 -3.41832586e-05 ... -5.96602330e-06
  -7.52872262e-06  9.96021037e-05]
 [ 0.00000000e+00  0.00000000e+00  0.00000000e+00 ...  0.00000000e+00
   0.00000000e+00  0.00000000e+00]]
[[ 0.00000000e+00 -6.54690644e-05 -1.66224878e-06 ... -1.47054636e-04
  -1.77045870e-04 -1.63657680e-04]
 [ 0.00000000e+00  7.31413301e-05  3.25161125e-05 ... -1.37075058e-04
  -1.47679412e-04 -1.54702628e-04]
 [ 0.00000000e+00  4.66168356e-05 -3.03936089e-05 ... -1.50795937e-04
  -1.39881130e-04 -1.87403933e-04]
 ...
 [ 0.00000000e+00  8.84983487e-06  5.65182682e-06 ...  5.60658972e-05
   4.61554154e-05  8.42585828e-05]
 [ 0.00000000e+00 -1.03708942e-04 -1.65394181e-05 ...  1.43494343e-05
  -1.23795582e-05  7.65192557e-05]
 [ 0.00000000e+00  0.00000000e+00  0.00000000e+00 ...  0.00000000e+00
   0.00000000e+00  0.00000000e+00]]
[[ 0.00000000e+00 -2.12286999e-05  1.55093039e-05 ... -1.66423262e-04
  -2.03869183e-04 -1.08185485e-04]
 [ 0.00000000e+00  2.41651593e-05 -3.48474904e-08 ... -8.78244674e-05
  -9.39363938e-05 -2.06109200e-04]
 [ 0.00000000e+00  2.33557349e-05 -1.59196562e-05 ... -1.29706920e-04
  -1.31902234e-04 -2.00065288e-04]
 ...
 [ 0.00000000e+00 -7.01590325e-06 -2.86015725e-05 ...  2.37067690e-05
   5.01568967e-05  8.45522165e-05]
 [ 0.00000000e+00 -3.37740936e-05  5.79018808e-06 ...  5.38069902e-05
   2.94051907e-05  1.40167220e-05]
 [ 0.00000000e+00  0.00000000e+00  0.00000000e+00 ...  0.00000000e+00
   0.00000000e+00  0.00000000e+00]]
[[ 0.00000000e+00  4.88518053e-05  2.53152554e-05 ... -1.56191735e-04
  -1.69926894e-04 -1.01115143e-04]
 [ 0.00000000e+00 -4.84531239e-05 -2.60939348e-05 ... -8.04063602e-05
  -1.03683253e-04 -2.03480663e-04]
 [ 0.00000000e+00 -1.45060558e-05  2.23242547e-05 ... -1.24671607e-04
  -1.42292545e-04 -1.70562507e-04]
 ...
 [ 0.00000000e+00 -3.70226863e-05 -5.68482710e-05 ...  1.82297577e-05
   5.57382426e-05  5.78602528e-05]
 [ 0.00000000e+00  6.96284199e-05  5.60934983e-06 ...  6.44113119e-05
   7.12799012e-05 -3.05090013e-05]
 [ 0.00000000e+00  0.00000000e+00  0.00000000e+00 ...  0.00000000e+00
   0.00000000e+00  0.00000000e+00]]
[[ 0.00000000e+00  7.65089894e-05  1.93194381e-05 ... -1.15838249e-04
  -9.87869671e-05 -1.36839119e-04]
 [ 0.00000000e+00 -7.05553295e-05 -1.44927547e-05 ... -1.16312682e-04
  -1.58773475e-04 -1.42081855e-04]
 [ 0.00000000e+00 -2.90609730e-05  4.39545148e-05 ... -1.28033809e-04
  -1.54799507e-04 -1.29558711e-04]
 ...
 [ 0.00000000e+00 -4.51536695e-05 -5.89050770e-05 ...  2.88884624e-05
   4.48470034e-05  8.51071145e-06]
 [ 0.00000000e+00  9.55491794e-05 -1.43405324e-05 ...  2.93148524e-05
   6.42848487e-05 -1.98679352e-05]
 [ 0.00000000e+00  0.00000000e+00  0.00000000e+00 ...  0.00000000e+00
   0.00000000e+00  0.00000000e+00]]
[[ 0.00000000e+00  3.39754586e-05  7.80888434e-06 ... -7.03088087e-05
  -5.64195261e-05 -1.64360741e-04]
 [ 0.00000000e+00 -1.38633902e-05  2.35651245e-05 ... -1.57591728e-04
  -1.83085474e-04 -8.04144815e-05]
 [ 0.00000000e+00 -1.11825404e-05  2.96002010e-05 ... -1.20074502e-04
  -1.54836410e-04 -1.12284998e-04]
 ...
 [ 0.00000000e+00 -1.58952402e-05 -3.90603311e-05 ...  3.02770437e-05
   1.16916212e-05 -3.48820378e-05]
 [ 0.00000000e+00  1.10472090e-05 -3.14593103e-05 ... -2.28020599e-05
   6.57842770e-06  2.38729724e-05]
 [ 0.00000000e+00  0.00000000e+00  0.00000000e+00 ...  0.00000000e+00
   0.00000000e+00  0.00000000e+00]]
[[ 0.00000000e+00 -3.55532926e-05  6.67097808e-06 ... -5.12725306e-05
  -7.61761966e-05 -1.43910494e-04]
 [ 0.00000000e+00  6.82814500e-05  4.95341692e-05 ... -1.51790227e-04
  -1.36627536e-04 -7.33690504e-05]
 [ 0.00000000e+00  1.71756595e-05 -1.15737638e-06 ... -1.02426252e-04
  -1.34532269e-04 -1.24524479e-04]
 ...
 [ 0.00000000e+00  1.80888151e-05 -1.37486367e-05 ...  4.36298995e-06
  -3.27389844e-05 -4.59869297e-05]
 [ 0.00000000e+00 -9.63406081e-05 -3.34380358e-05 ... -4.83805460e-05
  -5.45157876e-05  4.26332481e-05]
 [ 0.00000000e+00  0.00000000e+00  0.00000000e+00 ...  0.00000000e+00
   0.00000000e+00  0.00000000e+00]]
[[ 0.00000000e+00 -5.96789673e-05  1.78134801e-05 ... -6.71109090e-05
  -1.21753360e-04 -8.88913123e-05]
 [ 0.00000000e+00  8.99339742e-05  4.18970110e-05 ... -8.51681864e-05
  -6.25089970e-05 -1.12562459e-04]
 [ 0.00000000e+00  3.15133512e-05 -1.41838215e-05 ... -9.30047381e-05
  -9.89858500e-05 -1.39759095e-04]
 ...
 [ 0.00000000e+00  1.24075058e-05 -3.26771893e-06 ... -4.38631629e-05
  -6.68876851e-05 -2.96256892e-05]
 [ 0.00000000e+00 -1.11225122e-04 -2.53398999e-05 ... -3.29233486e-05
  -7.07157859e-05  4.29290846e-06]
 [ 0.00000000e+00  0.00000000e+00  0.00000000e+00 ...  0.00000000e+00
   0.00000000e+00  0.00000000e+00]]
[[ 0.00000000e+00 -1.21085530e-05  2.84020885e-05 ... -9.06894243e-05
  -1.30643308e-04 -4.80054288e-05]
 [ 0.00000000e+00  2.50853729e-05  1.50873530e-05 ... -9.67069961e-06
  -3.04989249e-05 -1.40123874e-04]
 [ 0.00000000e+00  2.62496303e-05  4.88397835e-06 ... -9.12458575e-05
  -6.96389162e-05 -1.27079514e-04]
 ...
 [ 0.00000000e+00 -3.12725862e-05 -2.15348905e-05 ... -8.86649614e-05
  -7.58953336e-05 -2.02328370e-05]
 [ 0.00000000e+00 -1.81176127e-05 -1.48733362e-05 ... -4.96952057e-06
  -4.00795296e-05 -6.23524813e-05]
 [ 0.00000000e+00  0.00000000e+00  0.00000000e+00 ...  0.00000000e+00
   0.00000000e+00  0.00000000e+00]]
[[ 0.00000000e+00  5.79151414e-05  2.80882746e-05 ... -8.52112980e-05
  -8.38492194e-05 -5.08086263e-05]
 [ 0.00000000e+00 -5.75414937e-05 -2.43648462e-06 ...  6.01541777e-06
  -5.55091273e-05 -1.13988351e-04]
 [ 0.00000000e+00  1.11177736e-05  3.93262196e-05 ... -7.52245292e-05
  -6.54031870e-05 -8.41547583e-05]
 ...
 [ 0.00000000e+00 -6.30595346e-05 -5.65745558e-05 ... -1.04109008e-04
  -6.69495362e-05 -4.74954684e-05]
 [ 0.00000000e+00  8.15710290e-05 -5.59982573e-06 ... -5.71917057e-06
  -5.16807758e-06 -9.73116018e-05]
 [ 0.00000000e+00  0.00000000e+00  0.00000000e+00 ...  0.00000000e+00
   0.00000000e+00  0.00000000e+00]]
[[ 0.00000000e+00  7.71391750e-05  2.05702065e-05 ... -4.43089028e-05
  -2.20504794e-05 -7.76669032e-05]
 [ 0.00000000e+00 -6.59777591e-05  2.89989795e-06 ... -4.29405525e-05
  -8.93165372e-05 -4.99796922e-05]
 [ 0.00000000e+00 -2.06776462e-06  5.73350289e-05 ... -3.97997635e-05
  -7.62827453e-05 -4.20431330e-05]
 ...
 [ 0.00000000e+00 -4.35948461e-05 -7.06901563e-05 ... -8.90558150e-05
  -6.46694267e-05 -1.03959712e-04]
 [ 0.00000000e+00  8.25238016e-05 -2.34007719e-06 ... -4.42798644e-05
  -7.58362514e-06 -7.24529074e-05]
 [ 0.00000000e+00  0.00000000e+00  0.00000000e+00 ...  0.00000000e+00
   0.00000000e+00  0.00000000e+00]]
[[ 0.00000000e+00  2.71569392e-05  1.64949959e-05 ...  1.17371033e-06
   3.46303429e-06 -8.36992714e-05]
 [ 0.00000000e+00  1.10565618e-05  2.36623089e-05 ... -8.74564809e-05
  -8.16207773e-05 -7.42908014e-07]
 [ 0.00000000e+00 -5.45143305e-06  4.01477980e-05 ... -1.26012251e-05
  -7.15899039e-05 -3.25457167e-05]
 ...
 [ 0.00000000e+00  9.08375959e-06 -4.01961565e-05 ... -7.25234789e-05
  -8.73264438e-05 -1.50203075e-04]
 [ 0.00000000e+00 -1.05309582e-05 -9.32323904e-06 ... -8.62142735e-05
  -4.77660972e-05 -2.11403666e-05]
 [ 0.00000000e+00  0.00000000e+00  0.00000000e+00 ...  0.00000000e+00
   0.00000000e+00  0.00000000e+00]]
[[ 0.00000000e+00 -3.63051116e-05  2.01811706e-05 ...  1.91331634e-05
  -1.46573123e-05 -4.72019724e-05]
 [ 0.00000000e+00  8.83762746e-05  4.25373944e-05 ... -6.52439973e-05
  -3.13858047e-05 -4.15384136e-07]
 [ 0.00000000e+00  3.47919216e-06  1.65767589e-06 ... -1.62921283e-05
  -4.07713722e-05 -5.13150161e-05]
 ...
 [ 0.00000000e+00  3.96083141e-05  8.52902101e-06 ... -8.75283869e-05
  -1.28153537e-04 -1.54301855e-04]
 [ 0.00000000e+00 -9.31146296e-05 -2.06903424e-05 ... -9.07843153e-05
  -8.88527430e-05 -3.46484389e-06]
 [ 0.00000000e+00  0.00000000e+00  0.00000000e+00 ...  0.00000000e+00
   0.00000000e+00  0.00000000e+00]]
[[ 0.00000000e+00 -4.53989674e-05  2.70317026e-05 ...  1.06061154e-05
  -3.66483281e-05  9.12813881e-06]
 [ 0.00000000e+00  7.97475816e-05  4.42344827e-05 ...  8.12091783e-06
   1.99629561e-05 -3.22520204e-05]
 [ 0.00000000e+00  1.90233924e-05 -1.99149315e-05 ... -3.30009341e-05
  -9.04794279e-06 -6.13275638e-05]
 ...
 [ 0.00000000e+00  1.58966996e-05  2.30193807e-05 ... -1.35499690e-04
  -1.62223388e-04 -1.25495800e-04]
 [ 0.00000000e+00 -7.78541785e-05 -2.34152088e-05 ... -5.79945483e-05
  -9.66873200e-05 -4.39793377e-05]
 [ 0.00000000e+00  0.00000000e+00  0.00000000e+00 ...  0.00000000e+00
   0.00000000e+00  0.00000000e+00]]
[[ 0.00000000e+00  6.25122343e-06  3.08610841e-05 ...  2.87347635e-06
  -2.12287952e-05  4.36690934e-05]
 [ 0.00000000e+00 -4.16396608e-06  2.54655827e-05 ...  6.48406876e-05
   3.38919174e-05 -4.79587586e-05]
 [ 0.00000000e+00  2.85748823e-05  1.28205753e-06 ... -2.66737757e-05
  -9.74297052e-07 -3.58567126e-05]
 ...
 [ 0.00000000e+00 -3.71559126e-05 -1.28361454e-05 ... -1.81306978e-04
  -1.71073241e-04 -1.06669292e-04]
 [ 0.00000000e+00  1.33808238e-05 -1.35293211e-05 ... -3.12111298e-05
  -7.38838955e-05 -1.07055108e-04]
 [ 0.00000000e+00  0.00000000e+00  0.00000000e+00 ...  0.00000000e+00
   0.00000000e+00  0.00000000e+00]]
[[ 0.00000000e+00  5.98872762e-05  2.93744545e-05 ...  1.61058939e-05
   3.02209559e-05  3.90786129e-05]
 [ 0.00000000e+00 -6.88386255e-05  1.57322403e-06 ...  6.57285714e-05
   1.25986705e-05 -1.72703533e-05]
 [ 0.00000000e+00  2.31608078e-05  4.73197333e-05 ...  9.46360265e-06
  -4.80187299e-06  1.08098863e-05]
 ...
 [ 0.00000000e+00 -6.34963862e-05 -5.82012285e-05 ... -1.89417451e-04
  -1.59330799e-04 -1.31631105e-04]
 [ 0.00000000e+00  7.85636939e-05 -1.88839206e-06 ... -4.91956583e-05
  -5.45314452e-05 -1.34977844e-04]
 [ 0.00000000e+00  0.00000000e+00  0.00000000e+00 ...  0.00000000e+00
   0.00000000e+00  0.00000000e+00]]
[[ 0.00000000e+00  5.87418290e-05  2.37473656e-05 ...  4.59617484e-05
   7.59507844e-05  1.81864765e-05]
 [ 0.00000000e+00 -4.35193325e-05 -2.37744553e-06 ...  3.38016070e-05
  -2.82392172e-06  4.19926094e-05]
 [ 0.00000000e+00  7.32795115e-06  7.04299408e-05 ...  4.83135838e-05
   8.30623870e-06  4.27723752e-05]
 ...
 [ 0.00000000e+00 -3.35493002e-05 -6.33141363e-05 ... -1.62854806e-04
  -1.48876588e-04 -1.89374546e-04]
 [ 0.00000000e+00  4.88366756e-05 -4.62309562e-07 ... -1.01124656e-04
  -6.65236252e-05 -1.08207835e-04]
 [ 0.00000000e+00  0.00000000e+00  0.00000000e+00 ...  0.00000000e+00
   0.00000000e+00  0.00000000e+00]]
[[ 0.00000000e+00  8.59701838e-06  1.72879930e-05 ...  7.48078999e-05
   8.00486004e-05  1.76869504e-05]
 [ 0.00000000e+00  4.12423767e-05  2.26873705e-05 ...  1.60759552e-05
   2.45902177e-05  8.42948476e-05]
 [ 0.00000000e+00 -4.46792567e-06  4.47865586e-05 ...  6.65216657e-05
   4.06042869e-05  4.56634575e-05]
 ...
 [ 0.00000000e+00  2.32320669e-05 -2.34136643e-05 ... -1.40018549e-04
  -1.58544615e-04 -2.32482692e-04]
 [ 0.00000000e+00 -3.82299208e-05 -9.08956855e-06 ... -1.37086062e-04
  -1.01544450e-04 -6.42564919e-05]
 [ 0.00000000e+00  0.00000000e+00  0.00000000e+00 ...  0.00000000e+00
   0.00000000e+00  0.00000000e+00]]
[[ 0.00000000e+00 -3.33629636e-05  1.49803841e-05 ...  8.94923573e-05
   5.33812331e-05  4.94298110e-05]
 [ 0.00000000e+00  9.14658250e-05  5.41955421e-05 ...  3.60505013e-05
   8.26700619e-05  8.53611065e-05]
 [ 0.00000000e+00 -1.63050142e-06 -2.37787268e-06 ...  6.65132048e-05
   6.66757889e-05  3.91055241e-05]
 ...
 [ 0.00000000e+00  4.65521951e-05  2.27971780e-05 ... -1.52548665e-04
  -1.87270200e-04 -2.23970178e-04]
 [ 0.00000000e+00 -8.35309718e-05 -1.80786668e-05 ... -1.22838533e-04
  -1.24992617e-04 -5.56195656e-05]
 [ 0.00000000e+00  0.00000000e+00  0.00000000e+00 ...  0.00000000e+00
   0.00000000e+00  0.00000000e+00]]
[[ 0.00000000e+00 -2.36891706e-05  2.03822099e-05 ...  8.85617764e-05
   4.20759986e-05  9.11433510e-05]
 [ 0.00000000e+00  5.50239675e-05  5.76453716e-05 ...  8.33556470e-05
   1.18447002e-04  6.52078847e-05]
 [ 0.00000000e+00  1.34333203e-05 -2.03929480e-05 ...  6.23428954e-05
   7.30007986e-05  4.81702176e-05]
 ...
 [ 0.00000000e+00  1.09017347e-05  3.55766697e-05 ... -1.92054959e-04
  -2.13887817e-04 -1.76500825e-04]
 [ 0.00000000e+00 -3.81826689e-05 -1.75444809e-05 ... -7.67763924e-05
  -1.14880242e-04 -9.25086638e-05]
 [ 0.00000000e+00  0.00000000e+00  0.00000000e+00 ...  0.00000000e+00
   0.00000000e+00  0.00000000e+00]]
[[ 0.00000000e+00  2.26030447e-05  3.06415871e-05 ...  8.20082325e-05
   7.37517974e-05  1.14106186e-04]
 [ 0.00000000e+00 -2.45944772e-05  2.50413307e-05 ...  1.27780462e-04
   1.01687022e-04  6.05888920e-05]
 [ 0.00000000e+00  2.79535648e-05  7.84889635e-06 ...  6.39630597e-05
   7.45160475e-05  7.49575366e-05]
 ...
 [ 0.00000000e+00 -4.21079192e-05  6.88032006e-06 ... -2.21046688e-04
  -2.15358825e-04 -1.41904108e-04]
 [ 0.00000000e+00  4.36876164e-05 -3.17938072e-06 ... -4.88485025e-05
  -8.56808432e-05 -1.32861531e-04]
 [ 0.00000000e+00  0.00000000e+00  0.00000000e+00 ...  0.00000000e+00
   0.00000000e+00  0.00000000e+00]]
[[ 0.00000000e+00  5.34547540e-05  3.66521441e-05 ...  8.60623218e-05
   1.24564108e-04  1.13601101e-04]
 [ 0.00000000e+00 -6.07189596e-05 -1.28059336e-05 ...  1.38524913e-04
   6.73993200e-05  8.32159166e-05]
 [ 0.00000000e+00  2.86852883e-05  4.89004789e-05 ...  7.87616957e-05
   8.69121864e-05  1.02446451e-04]
 ...
 [ 0.00000000e+00 -4.89594621e-05 -3.61037315e-05 ... -2.12743019e-04
  -1.90039822e-04 -1.58356378e-04]
 [ 0.00000000e+00  7.05484603e-05  1.81023675e-05 ... -6.70787904e-05
  -7.00678161e-05 -1.30464488e-04]
 [ 0.00000000e+00  0.00000000e+00  0.00000000e+00 ...  0.00000000e+00
   0.00000000e+00  0.00000000e+00]]
